1 53800
1 57300
1 57500
2 73500
2 74500
2 75000
3 88660
3 78300
3 73560
4 399800
4 170200
4 150000
5 342600
5 510900
5 233400
6 592200
6 274000
6 156600
7 314200
7 275200
7 259600
8 196900
8 288100
8 140600
9 405200
9 374500
9 367500
10 218900
10 202800
10 198800
11 211400
11 198200
11 190000
12 358400
12 400000
12 322000
13 331400
13 220900
13 292400
14 319200
14 284600
14 240400
15 213400
15 125000
15 142800
16 421700
16 379000
16 335200
17 220600
17 313300
17 307200
18 287300
18 211300
18 382200
19 271100
19 240400
19 237300
20 153700
20 154000
20 129100
21 109330
21 207200
21 224400
22 212900
22 247800
22 241000
23 420800
23 153800
23 160600
24 365100
24 250100
24 291200
25 202200
25 230500
25 479500
26 185000
26 193000
26 173100
27 289700
27 279500
27 248200
28 338300
28 343800
28 381200
29 246000
29 233900
29 269600
30 299600
30 254600
30 231800
31 285800
31 271200
31 294000
32 246500
32 134300
32 130000
33 417600
33 280900
33 192800
34 282800
34 132300
34 313100
35 251800
35 290300
35 209800
36 178900
36 219600
36 201700
37 209400
37 450000
37 305900
38 271100
38 247500
38 300000
39 638200
39 249200
39 236500
40 248100
40 282200
40 368600
41 245100
41 226400
41 233800
42 271400
42 217900
42 206800
43 333900
43 418700
43 534200
44 169300
44 161800
44 162400
45 277300
45 357200
45 261100
46 764300
46 341100
46 245500
47 219800
47 162300
47 161000
48 481100
48 492100
48 333700
49 279300
49 245600
49 231100
50 336500
50 382100
50 393600
51 603000
51 263700
51 249600
52 324300
52 626900
52 330800
53 223000
53 213400
53 195000
54 252600
54 306200
54 325900
55 209600
55 212800
55 549900
56 308800
56 291300
56 310500
57 173600
57 198000
57 219000
58 654300
58 348100
58 300400
59 368600
59 178200
59 196800
60 283700
60 314800
60 270600
61 281400
61 388200
61 369500
62 168700
62 318600
62 234900
63 540200
63 333500
63 615900
64 274200
64 385000
64 356300
65 324720
65 383100
65 467200
66 707900
66 496600
66 409200
67 232900
67 173500
67 257200
68 396300
68 349300
68 439900
69 259100
69 229800
69 209000
70 366000
70 307900
70 595100
71 214200
71 197300
71 474800
72 251100
72 227700
72 179900
73 239400
73 294700
73 290700
74 566600
74 336900
74 395800
75 723800
75 499400
75 491100
76 207300
76 418900
76 207800
77 281900
77 208200
77 231400
78 300300
78 409900
78 354600
79 167500
79 148600
79 167300
80 242300
80 247700
80 231300
81 401300
81 490200
81 394700
82 192200
82 272900
82 238400
83 213500
83 235800
83 193900
84 209500
84 225400
84 205400
85 337100
85 239800
85 239800
86 101900
86 127500
86 85200
87 372600
87 444200
87 366000
88 259700
88 286100
88 277600
89 307900
89 308300
89 316500
90 374000
90 217400
90 239400
91 538300
91 425500
91 245900
92 526800
92 423300
92 479100
93 201300
93 221300
93 168400
94 333100
94 252600
94 239000
95 333700
95 262500
95 303600
96 194600
96 206600
96 173000
97 304400
97 223700
97 280500
98 353300
98 294500
98 302300
99 209200
99 523900
99 228700
100 294700
100 282000
100 306200

