1 100
1 100
1 100
2 100
2 200
2 300
3 100
3 200
3 200
4 200
4 100
4 300
5 200
5 200
5 200
6 400
6 300
6 300
7 500
7 300
7 400
8 500
8 400
8 400
9 700
9 600
9 600
10 500
10 700
10 400
11 700
11 400
11 600
12 400
12 400
12 400
13 700
13 500
13 300
14 600
14 500
14 700
15 400
15 600
15 600
16 600
16 500
16 400
17 700
17 600
17 600
18 900
18 600
18 600
19 700
19 800
19 700
20 600
20 400
20 400
21 600
21 500
21 400
22 500
22 500
22 400
23 600
23 700
23 700
24 700
24 500
24 500
25 500
25 400
25 500
26 700
26 700
26 500
27 800
27 500
27 400
28 480
28 700
28 600
29 700
29 600
29 500
30 800
30 700
30 900
31 600
31 700
31 600
32 700
32 900
32 900
33 700
33 900
33 900
34 800
34 1000
34 900
35 900
35 700
35 600
36 800
36 900
36 600
37 800
37 900
37 700
38 1000
38 1000
38 1100
39 600
39 600
39 500
40 700
40 700
40 500
41 900
41 800
41 800
42 700
42 900
42 800
43 900
43 800
43 900
44 700
44 700
44 500
45 800
45 600
45 600
46 1100
46 1100
46 900
47 1100
47 900
47 1100
48 1000
48 800
48 700
49 1100
49 900
49 800
50 800
50 800
50 900
51 900
51 800
51 600
52 1000
52 1000
52 800
53 700
53 800
53 700
54 1300
54 900
54 800
55 800
55 900
55 1000
56 700
56 500
56 400
57 900
57 700
57 600
58 900
58 700
58 500
59 900
59 1000
59 900
60 800
60 700
60 800
61 900
61 700
61 700
62 1200
62 1100
62 1100
63 1300
63 1200
63 1000
64 1100
64 900
64 800
65 700
65 600
65 600
66 1000
66 1100
66 1000
67 1000
67 900
67 1200
68 1100
68 1100
68 1100
69 1400
69 1500
69 1000
70 1000
70 1100
70 900
71 800
71 1200
71 1000
72 1100
72 1100
72 1200
73 900
73 1300
73 900
74 1100
74 1100
74 900
75 1200
75 1000
75 1100
76 1200
76 1200
76 900
77 1200
77 1000
77 900
78 1200
78 1100
78 1000
79 1200
79 900
79 1200
80 1300
80 900
80 800
81 1300
81 1100
81 1100
82 900
82 800
82 1000
83 1200
83 1300
83 1300
84 1500
84 900
84 1000
85 1400
85 1200
85 900
86 800
86 800
86 800
87 1100
87 1000
87 900
88 1200
88 1100
88 1300
89 800
89 1000
89 900
90 900
90 800
90 700
91 1600
91 1100
91 1100
92 1600
92 1300
92 1000
93 1000
93 700
93 800
94 1200
94 800
94 1300
95 1200
95 1000
95 1300
96 1000
96 1300
96 1300
97 1200
97 1100
97 1100
98 1100
98 1000
98 1500
99 1600
99 1500
99 1600
100 1000
100 1100
100 800
