3 600
3 600
3 1000
4 1200
4 1100
4 600
5 1000
5 1400
5 1800
6 1200
6 1300
6 1000
7 1900
7 1400
7 1200
8 1800
8 2600
8 3100
9 2100
9 2800
9 3000
10 3900
10 2300
10 3500
11 2900
11 2900
11 2700
12 4000
12 3700
12 3100
13 5800
13 5800
13 5400
14 4200
14 3900
14 3900
15 4600
15 4500
15 4300
16 4700
16 4900
16 4900
17 5600
17 5700
17 8300
18 6300
18 9700
18 10000
19 6900
19 6600
19 6800
20 8600
20 10800
20 12700
21 8200
21 8000
21 7700
22 9000
22 14300
22 14100
23 13800
23 21600
23 16200
24 10500
24 10500
24 10500
25 13900
25 14100
25 13600
26 11000
26 12000
26 16100
27 13800
27 20000
27 19800
28 22100
28 14200
28 14800
29 11700
29 14000
29 12400
30 26700
30 26200
30 26000
31 18900
31 27500
31 17400
32 18000
32 17900
32 17900
33 12900
33 11000
33 21600
34 20300
34 15300
34 10100
35 21400
35 11800
35 13700
36 22800
36 15500
36 10300
37 15600
37 24000
37 18200
38 23200
38 29400
38 22300
39 24100
39 20900
39 17500
40 14600
40 20600
40 19800
41 17300
41 19600
41 18000
42 12500
42 11700
42 18300
43 26800
43 11600
43 17300
44 13400
44 25200
44 23100
45 14700
45 18500
45 27100
46 15600
46 18000
46 12100
47 11300
47 26300
47 14400
48 29400
48 22900
48 21500
49 15300
49 25500
49 26200
50 18900
50 25700
50 26500
51 22000
51 28300
51 19400
52 21900
52 11400
52 17600
53 18000
53 18900
53 23100
54 16600
54 21500
54 17800
55 12100
55 13700
55 25100
56 27600
56 25900
56 23800
57 21300
57 16800
57 25800
58 23800
58 18900
58 20300
59 30400
59 33300
59 17600
60 23300
60 14000
60 16100
61 28700
61 18200
61 18700
62 22000
62 16800
62 21300
63 20700
63 23700
63 17000
64 20200
64 16300
64 26000
65 22900
65 17700
65 18100
66 31800
66 26200
66 25000
67 24200
67 18500
67 18400
68 26800
68 18900
68 20500
69 29900
69 19800
69 17300
70 32700
70 19900
70 22900
71 26100
71 22600
71 39500
72 29700
72 23000
72 28800
73 45900
73 28900
73 19900
74 27100
74 43600
74 34700
75 27800
75 22200
75 23100
76 25000
76 20600
76 22400
77 43400
77 40500
77 24700
78 27800
78 28400
78 43400
79 40000
79 33700
79 40100
80 29000
80 26100
80 27000
81 23800
81 23800
81 35100
82 21300
82 22700
82 31100
83 27500
83 27000
83 27000
84 18800
84 25500
84 21500
85 22800
85 30800
85 27300
86 31500
86 20000
86 18500
87 31700
87 25700
87 28400
88 31400
88 27000
88 29000
89 16100
89 31700
89 43100
90 31000
90 35300
90 29300
91 39000
91 28200
91 36600
92 32300
92 28700
92 27800
93 42600
93 28600
93 26600
94 23500
94 29000
94 43900
95 34200
95 32500
95 38800
96 36800
96 31700
96 26900
97 37400
97 32200
97 36000
98 21000
98 21000
98 26800
99 34700
99 33900
99 34400
100 25400
100 26900
100 18700
