3 3800
3 2900
3 1700
4 13900
4 5400
4 4500
5 13800
5 6500
5 6700
6 3100
6 3200
6 3000
7 4300
7 3900
7 5900
8 6300
8 5800
8 9100
9 5100
9 10800
9 7700
10 6400
10 11600
10 5000
11 4700
11 5300
11 6600
12 11700
12 10200
12 12800
13 5600
13 6700
13 10900
14 6500
14 7700
14 9900
15 9700
15 5800
15 10400
16 12400
16 4900
16 10900
17 14700
17 10300
17 12400
18 13000
18 12000
18 10600
19 6800
19 4900
19 4700
20 13800
20 12500
20 7600
21 9700
21 6200
21 7100
22 6600
22 10500
22 9700
23 18900
23 15900
23 12200
24 16900
24 11600
24 11900
25 13100
25 12600
25 15900
26 14700
26 15200
26 16900
27 23400
27 19100
27 14000
28 11800
28 11500
28 11500
29 11900
29 11100
29 12000
30 14300
30 11400
30 16300
31 18300
31 13400
31 11000
32 42000
32 15600
32 28000
33 15400
33 11000
33 15700
34 8500
34 11300
34 9300
35 12100
35 23000
35 22100
36 10800
36 11200
36 8900
37 15500
37 16900
37 13600
38 14300
38 11100
38 18700
39 13500
39 21500
39 13900
40 23800
40 16800
40 22700
41 22900
41 18300
41 10100
42 21000
42 17400
42 9600
43 18800
43 27900
43 16400
44 15600
44 18300
44 13400
45 16000
45 29300
45 16500
46 20600
46 30000
46 18900
47 25600
47 25800
47 24100
48 21300
48 23700
48 20200
49 16900
49 11200
49 23600
50 26400
50 14800
50 20900
51 18600
51 18200
51 22500
52 26000
52 27400
52 20800
53 14300
53 23100
53 23700
54 33500
54 29500
54 27300
55 13200
55 30700
55 18000
56 19000
56 13600
56 20600
57 22900
57 19800
57 16100
58 21900
58 15000
58 18100
59 15600
59 16800
59 30800
60 32000
60 28600
60 26800
61 27400
61 15200
61 23800
62 34500
62 21300
62 27300
63 18400
63 17600
63 16000
64 31800
64 20300
64 21400
65 22300
65 29000
65 43200
66 24800
66 18100
66 37400
67 34400
67 36600
67 31600
68 48000
68 39800
68 34100
69 20900
69 35600
69 42200
70 18400
70 25300
70 18500
71 40100
71 22900
71 23000
72 29900
72 27300
72 33800
73 37900
73 33100
73 42800
74 34800
74 43500
74 45500
75 31900
75 17900
75 21800
76 26500
76 26300
76 22700
77 28300
77 26300
77 22700
78 17800
78 27100
78 35800
79 24500
79 19100
79 32800
80 27900
80 38200
80 39300
81 47000
81 36100
81 33400
82 28600
82 56600
82 43900
83 20400
83 20600
83 28800
84 25400
84 17100
84 21800
85 23700
85 40800
85 21300
86 31600
86 30500
86 22300
87 40600
87 24600
87 28900
88 36200
88 46100
88 44500
89 27300
89 28900
89 36500
90 26200
90 29400
90 26900
91 25900
91 34000
91 30300
92 19700
92 24100
92 14100
93 28100
93 34500
93 35500
94 46100
94 41800
94 30400
95 26700
95 59400
95 22700
96 22100
96 27100
96 19400
97 22700
97 38100
97 19700
98 41900
98 54100
98 22000
99 39500
99 44400
99 26900
100 26100
100 32800
100 23700
