3 1000
3 500
3 400
4 900
4 800
4 500
5 1100
5 1000
5 1100
6 1100
6 1000
6 1000
7 2700
7 1800
7 2000
8 2400
8 1700
8 1500
9 2200
9 2600
9 2600
10 2300
10 3700
10 3600
11 4200
11 3400
11 3900
12 4400
12 4600
12 4100
13 5600
13 3700
13 4700
14 6800
14 6100
14 4100
15 7300
15 4600
15 4600
16 5100
16 7000
16 5200
17 6100
17 9300
17 5700
18 6400
18 10900
18 9600
19 10700
19 7100
19 7300
20 11800
20 12200
20 11900
21 8300
21 8400
21 11500
22 9300
22 9200
22 8800
23 10000
23 9700
23 19700
24 10700
24 10900
24 10800
25 18000
25 19000
25 17400
26 12300
26 22500
26 18100
27 13100
27 20400
27 13200
28 24000
28 21900
28 21400
29 22000
29 15100
29 24700
30 25000
30 18500
30 21800
31 16800
31 26300
31 28900
32 18100
32 28600
32 30300
33 22700
33 19500
33 32000
34 20700
34 20400
34 20600
35 21700
35 24800
35 35400
36 22800
36 39100
36 35400
37 45900
37 38200
37 24000
38 25300
38 40300
38 42300
39 39800
39 35300
39 26600
40 46200
40 27900
40 27700
41 48100
41 48200
41 49500
42 45500
42 55700
42 30800
43 37400
43 55000
43 53600
44 33400
44 57400
44 55300

45 40200
45 35300
45 61000
46 36600
46 36800
46 36500
47 38500
47 41200
47 38100
48 39900
48 64100
48 39800
49 41600
49 44500
49 53900
50 42800
50 45500
50 43000
51 74300
51 44700
51 46800
52 78400
52 46500
52 46400
53 83000
53 89400
53 91800
54 88300
54 76700
54 53700
55 51400
55 80100
55 91000
56 53900
56 53500
56 53500
57 85800
57 94800
57 100200
58 57300
58 97300
58 98600
59 59600
59 69500
59 77900
60 102900
60 106400
60 109600
61 112400
61 99500
61 108800
62 65700
62 65400
62 109000
63 74900
63 70500
63 112500
64 127100
64 118400
64 122100
65 75400
65 121800
65 113000
66 136000
66 93600
66 128400
67 128500
67 127500
67 127400
68 106300
68 79100
68 78300
69 135800
69 81200
69 134500
70 82900
70 83300
70 83100
71 145000
71 142300
71 150900
72 153700
72 90000
72 88100
73 154000
73 154000
73 154800
74 95800
74 96100
74 93300
75 160600
75 95700
75 97800
76 99400
76 102500
76 101900
77 104300
77 161800
77 171600
78 176400
78 163400
78 105000
79 105100
79 106300
79 182300
80 108500
80 188600
80 191800
81 113800
81 206100
81 173700
82 202600
82 114500
82 211300
83 119400
83 119200
83 187300
84 119000
84 200200
84 200200
85 121900
85 212200
85 204500
86 124900
86 125600
86 187600
87 210700
87 223800
87 128200
88 225800
88 225100
88 272900
89 136400
89 137200
89 134300
90 137100
90 139500
90 140700
91 139500
91 140500
91 245900
92 146400
92 142800
92 151400
93 149000
93 146400
93 251900
94 257700
94 155000
94 263800
95 155700
95 267400
95 258000
96 271400
96 161300
96 156400
97 234900
97 273200
97 274800
98 267200
98 166900
98 281400
99 175600
99 165800
99 237100
100 299700
100 295600
100 169500
