1700
31
82
238
336
347
546
570
607
658
670
682
724
770
802
822
926
939
961
974
1040
1053
1064
1172
1174
1184
1256
1355
1361
1475
1536
1746
1840
1878
1948
1962
1963
1997
2022
2216
2246
2255
2294
2306
2337
2363
2409
2423
2444
2451
2558
2568
2607
2648
2652
2672
2727
2748
2830
2901
2905
2907
2955
3034
3051
3075
3125
3136
3178
3191
3349
3466
3494
3527
3567
3606
3663
3683
3709
3730
3787
3882
4214
4235
4290
4293
4311
4314
4340
4347
4466
4487
4568
4668
4698
4790
4795
4900
4917
4920
4979
5001
5058
5154
5212
5217
5237
5341
5361
5364
5386
5404
5405
5625
5733
5736
5772
5982
5990
5995
6043
6142
6203
6220
6313
6356
6368
6404
6425
6446
6507
6519
6528
6583
6617
6630
6641
6650
6711
6726
6733
6774
6798
6863
6888
6899
6997
7058
7132
7206
7281
7331
7340
7362
7395
7399
7467
7557
7670
7673
7723
7830
7972
8118
8236
8283
8325
8438
8539
8543
8582
8586
8694
8861
8873
8903
8934
9017
9096
9098
9118
9189
9212
9365
9366
9442
9486
9504
9588
9611
9664
9860
9913
9934
9955
10013
10050
10051
10098
10116
10140
10198
10254
10295
10432
10499
10538
10564
10570
10636
10700
10752
10874
10992
11018
11128
11132
11306
11341
11383
11389
11575
11642
11706
11777
11784
11791
11805
11851
11899
11900
11957
11973
12087
12184
12298
12351
12400
12497
12498
12723
12764
12903
12925
12996
13074
13084
13092
13172
13174
13203
13259
13282
13413
13564
13751
13774
13785
13811
13862
13887
13900
13927
13930
13934
13971
13997
14031
14108
14413
14501
14545
14614
14640
14654
14678
14694
14770
14801
14812
14905
14938
15335
15351
15435
15465
15495
15610
15668
15721
15776
15798
15874
15922
16067
16125
16128
16171
16260
16340
16438
16466
16467
16488
16540
16650
16749
16909
16932
16950
16952
17070
17136
17277
17446
17463
17506
17541
17544
17568
17604
17648
17720
17722
17833
17956
17989
18005
18108
18150
18158
18185
18190
18419
18457
18594
18607
18628
18658
18777
18809
18817
18835
18860
18903
18945
18997
19018
19081
19126
19219
19302
19305
19380
19530
19583
19592
19594
19717
19757
19806
19848
19916
19935
20020
20060
20084
20091
20095
20115
20128
20153
20173
20357
20484
20505
20529
20710
20854
20898
20926
21121
21245
21270
21309
21387
21397
21531
21649
21704
21730
21802
21861
21893
21932
21994
22043
22072
22091
22182
22198
22228
22273
22301
22326
22327
22352
22405
22408
22533
22536
22574
22605
22687
22766
22834
22843
22847
22863
22925
22940
22955
22958
23059
23173
23206
23287
23288
23294
23312
23383
23404
23429
23507
23619
23769
23788
23876
23920
23944
24031
24177
24221
24287
24394
24548
24567
24644
24791
24915
25063
25166
25172
25211
25219
25340
25353
25362
25363
25384
25394
25434
25579
25662
25677
25801
25845
25850
25858
26058
26088
26235
26273
26305
26310
26313
26341
26344
26506
26514
26608
26622
26652
26653
26654
26718
26800
26809
26815
26816
26925
26970
27089
27285
27322
27336
27495
27584
27668
27685
27815
27829
27956
27985
28024
28068
28203
28206
28372
28399
28445
28459
28578
28625
28790
28795
28805
28827
28829
28947
28994
29151
29155
29205
29295
29321
29392
29417
29500
29614
29650
29690
29905
30020
30127
30165
30298
30324
30444
30640
30691
30764
30776
30858
30887
31012
31234
31327
31350
31490
31492
31537
31542
31627
32003
32037
32101
32134
32173
32232
32291
32461
32476
32541
32558
32588
32622
32701
32855
32872
32920
32934
33003
33063
33070
33075
33150
33293
33334
33368
33379
33418
33453
33460
33484
33519
33590
33682
33891
33932
33991
34023
34048
34141
34155
34159
34226
34317
34448
34472
34482
34563
34574
34674
34684
34714
34814
34946
34970
34987
34995
35022
35129
35190
35218
35326
35327
35345
35380
35569
35625
35711
35822
35929
35991
36030
36105
36160
36227
36328
36354
36422
36430
36504
36611
36627
36785
36837
36841
36874
36916
36988
37089
37290
37458
37526
37582
37733
37765
37837
37893
38047
38083
38098
38271
38284
38330
38336
38378
38621
38702
38723
38840
38958
39007
39022
39037
39054
39215
39300
39391
39508
39530
39562
39644
39669
39808
39812
39849
39852
39863
39876
39933
40050
40085
40141
40188
40436
40517
40529
40635
40714
40744
40796
40854
40866
41063
41082
41124
41198
41223
41313
41352
41422
41501
41552
41599
41724
41806
41874
41889
41893
42014
42063
42440
42492
42531
42588
42590
42591
42619
42660
42699
42724
42734
43004
43025
43182
43321
43325
43377
43438
43486
43556
43769
43882
43922
44044
44235
44264
44267
44429
44501
44585
44600
44730
44819
44823
44879
44919
44920
44977
45054
45083
45197
45487
45488
45551
45563
45631
45692
45730
45792
45831
45885
45895
45951
45976
46040
46082
46093
46140
46229
46268
46492
46561
46572
46580
46591
46620
46621
46705
46913
47085
47179
47256
47284
47387
47434
47469
47516
47626
47642
47644
47662
47687
47740
47777
47794
47797
48037
48095
48143
48154
48160
48347
48366
48413
48433
48499
48519
48523
48567
48570
48627
48697
48721
48830
48861
48900
48978
49011
49123
49155
49158
49208
49251
49292
49300
49315
49518
49614
49615
49677
49719
49765
49798
49811
49909
49959
50031
50110
50187
50254
50263
50271
50324
50354
50400
50544
50552
50574
50775
50847
50908
51015
51137
51226
51239
51321
51433
51435
51477
51529
51547
51634
51660
51743
51744
51747
51795
51989
51991
52041
52064
52161
52252
52275
52299
52325
52347
52387
52434
52494
52507
52529
52552
52624
52635
52716
52742
52806
52927
52960
52997
53145
53166
53196
53199
53276
53334
53415
53419
53517
53541
53542
53597
53667
53675
53715
53827
53866
53871
53896
53960
54011
54082
54099
54100
54101
54117
54155
54164
54167
54188
54260
54341
54388
54539
54553
54587
54604
54820
55082
55116
55200
55307
55341
55423
55543
55591
55630
55711
55737
55764
55806
55813
55826
55857
55937
55940
55952
56043
56143
56191
56290
56430
56509
56553
56621
56683
56729
56795
56838
56852
56857
56869
56943
56971
57035
57200
57372
57465
57473
57523
57754
57794
57915
58026
58032
58110
58233
58271
58272
58391
58441
58661
58700
58706
58744
58753
58794
58926
58956
58970
59157
59212
59232
59296
59356
59416
59427
59471
59480
59632
59684
59709
59820
59957
60000
60009
60029
60050
60100
60184
60236
60270
60281
60290
60337
60359
60379
60380
60493
60597
60598
60603
60630
60757
60758
60872
60911
60998
61042
61076
61080
61153
61238
61314
61394
61529
61683
61730
61797
61853
61887
61901
61957
62010
62036
62125
62505
62548
62601
62755
62761
62807
62845
62881
62933
62950
62952
63037
63038
63073
63134
63180
63199
63292
63369
63371
63591
63611
63634
63639
63828
63859
63921
63942
63951
63954
63971
63982
64030
64046
64089
64286
64350
64371
64429
64444
64525
64684
64795
64798
64802
64820
65003
65015
65085
65101
65116
65124
65129
65155
65156
65160
65187
65194
65405
65418
65422
65626
65726
65741
65783
65819
65982
65985
66068
66128
66144
66190
66250
66329
66343
66344
66383
66414
66488
66497
66602
66705
66749
66762
66798
66834
66949
66951
66997
67058
67270
67280
67373
67396
67423
67588
67606
67622
67638
67639
67717
67771
67819
67858
67869
67918
68012
68099
68112
68140
68364
68365
68485
68507
68682
68691
68776
68826
68851
68859
68973
68978
68981
69087
69180
69344
69560
69634
69787
69830
69842
69884
69912
69918
69940
70004
70038
70073
70125
70164
70217
70338
70348
70461
70479
70493
70689
70889
71044
71088
71138
71156
71233
71339
71473
71476
71523
71560
71693
71727
72232
72261
72262
72306
72354
72380
72516
72554
72556
72642
72662
72758
72762
72814
72891
73060
73110
73169
73304
73318
73340
73350
73379
73392
73417
73440
73481
73538
73568
73623
73680
73731
73744
73789
73794
73814
73848
73851
73880
73941
74068
74090
74113
74124
74134
74233
74296
74316
74536
74549
74571
74581
74763
74803
74883
74977
75012
75056
75106
75199
75224
75267
75322
75359
75408
75445
75475
75483
75552
75570
75580
75635
75641
75777
75857
75862
75884
76092
76122
76126
76218
76230
76336
76349
76365
76377
76441
76506
76591
76785
76788
76883
76966
76983
76988
77018
77085
77108
77218
77374
77376
77419
77561
77646
77686
77691
77857
77889
78043
78051
78131
78180
78207
78225
78258
78342
78469
78500
78612
78737
78763
79108
79175
79208
79263
79293
79297
79335
79343
79422
79445
79498
79568
79665
79803
79970
80155
80227
80309
80382
80520
80525
80541
80560
80571
80572
80596
80711
80870
80903
80929
80953
80968
81033
81087
81096
81305
81487
81495
81516
81520
81713
81764
81777
81877
81937
82031
82135
82196
82291
82339
82340
82438
82640
82752
82854
82934
83163
83175
83304
83333
83398
83427
83899
84101
84173
84265
84279
84281
84304
84422
84524
84681
84813
84851
84858
84931
85027
85055
85148
85186
85197
85206
85214
85239
85270
85274
85387
85405
85473
85491
85645
85678
85796
85906
85949
86060
86142
86249
86318
86355
86464
86507
86594
86629
86709
86710
86716
86743
86764
86967
86991
87091
87132
87135
87191
87227
87331
87335
87344
87410
87484
87517
87543
87561
87640
87666
87678
87709
87744
87765
87771
87982
87983
88028
88132
88157
88210
88229
88264
88303
88356
88412
88422
88428
88465
88535
88575
88712
88778
88820
88821
88955
88968
89115
89127
89160
89169
89173
89225
89301
89369
89384
89413
89436
89439
89529
89570
89619
89673
89684
89686
89745
89773
89874
89878
90001
90028
90033
90072
90180
90182
90193
90245
90280
90359
90361
90365
90369
90416
90418
90429
90496
90597
90614
90637
90676
90784
90869
90931
90953
90965
91088
91101
91172
91282
91299
91310
91314
91500
91522
91609
91632
91639
91762
91983
91987
92123
92293
92335
92351
92374
92378
92380
92394
92439
92500
92539
92623
92686
92727
92735
92736
92755
92778
92922
92973
93011
93019
93070
93094
93142
93246
93369
93419
93447
93452
93470
93500
93513
93530
93585
93615
93741
93843
94019
94315
94325
94396
94426
94428
94429
94466
94572
94584
94651
94696
94893
94950
94978
94985
94986
95012
95022
95061
95098
95101
95152
95344
95355
95368
95369
95426
95437
95500
95512
95529
95569
95736
95747
95789
95816
95821
95880
95961
95995
96108
96158
96181
96296
96367
96432
96533
96535
96659
96777
96893
96912
96964
96981
97279
97282
97302
97315
97370
97468
97488
97489
97491
97526
97540
97566
97698
97714
97764
97812
97931
98090
98139
98168
98286
98316
98339
98383
98434
98481
98491
98501
98507
98538
98572
98587
98739
98815
98824
98879
98899
98928
98977
98988
99016
99052
99135
99171
99182
99229
99337
99356
99427
99452
99485
99493
99632
99709
99753
99755
99760
99854
99905
99933
