6500
82
94
324
550
570
682
683
821
1172
1355
1380
1512
1643
1843
1915
1926
2040
2246
2428
2607
2781
2905
3034
3051
3477
3494
3616
3638
3980
4040
4083
4311
4341
4514
5212
5217
5227
5511
5602
5668
5980
6047
6072
6485
6735
7058
7340
8217
8431
8694
8765
9098
9121
9207
9242
9429
9720
10039
10166
10273
10432
10570
10737
10947
10948
11018
11054
11521
11736
11790
11965
11985
12460
12498
12583
12586
13322
13538
13670
14058
14413
14524
14812
15034
15057
15470
15534
15721
16111
16205
16229
16260
16324
16450
16539
17136
17224
17316
17502
17567
17639
17809
18185
18191
18203
18457
18482
18508
18655
18705
18860
19305
19541
19594
20128
20469
20568
20848
21009
21019
21092
21415
21486
21531
21744
22182
22191
22299
22301
22766
22925
22940
23024
23079
23183
23312
23416
23788
23857
24021
24101
24123
24137
24146
24562
24606
25016
25166
25497
26197
26235
26273
26305
26446
26653
26777
26857
27139
27173
27285
27321
27459
27496
27573
27584
27640
27711
28068
28216
28314
28381
28625
28657
28829
28862
28944
29099
29449
29502
29730
29950
30097
30387
30531
31327
31503
31537
32173
32249
32461
32539
32863
32909
32920
33003
33063
33082
33334
33622
33883
34191
34226
34552
34590
34737
34946
34987
35022
35218
35326
35369
35569
35880
36030
36160
36190
36215
36422
36462
36858
37127
37201
37526
37711
38321
38567
38586
38603
38880
38895
38937
39022
39023
39130
39196
39335
39627
39876
39877
40073
40078
40141
40195
40216
40404
40585
40703
40744
40882
40927
41168
41352
41599
41600
41806
41883
41992
42211
42349
42418
42485
42660
42773
42832
42993
43321
43325
43634
43683
43726
43861
43984
44132
44318
44366
44600
44647
44688
44747
44879
44902
45064
45330
45980
46008
46342
46356
46381
46388
46550
46648
46829
47330
47396
47511
47642
47984
48075
48402
48426
48499
48587
48624
48627
48629
48830
48861
48978
49614
49677
49765
49774
50441
50708
50741
51104
51464
51478
51499
51529
51572
51585
51736
51879
51987
52177
52252
52465
52919
53080
53145
53151
53419
53429
53543
53843
53960
54025
54082
54181
54365
54526
54661
55337
55383
55436
55777
55794
55806
56056
56152
56449
56553
56562
56619
56676
56688
56758
56795
56843
56857
56928
57461
57523
57662
57912
58026
58107
58110
58262
58321
58532
58753
58815
58857
58977
59130
59427
59477
59480
59544
59561
59620
59766
59773
59896
60015
60029
60050
60320
60708
60909
60911
61049
61568
61649
61691
61760
61771
61774
61992
62190
62252
62316
62383
62427
62639
62719
62761
62796
62901
62935
62950
62959
62976
63047
63074
63134
63180
63329
64089
64092
64261
64336
64473
64663
64826
64836
64902
64960
65055
65081
65187
65819
65970
66250
66318
66343
66344
66488
66538
66602
67368
67661
67698
67765
67851
67918
68012
68013
68400
68428
68507
68633
68690
68973
68978
69005
69028
69233
69411
70286
70331
70393
70492
70848
71007
71126
71162
71711
72294
72487
72642
72700
72704
73000
73371
73765
73829
73848
73851
73871
73941
73991
74538
74603
75123
75219
75413
75617
75705
75744
76170
76218
76377
76586
76781
77305
77376
77590
77592
77646
77774
77889
78003
78045
78409
78593
78722
79089
79096
79146
79270
79297
79343
79422
79423
79445
79691
80125
80155
80262
80263
80309
80533
80929
80968
81199
81556
81926
82015
82051
82061
82196
82200
82425
82831
83089
83599
84101
84149
84293
84304
84316
84507
84673
84747
84822
85194
85274
85545
86035
86306
86318
86470
86682
86991
87127
87184
87196
87532
87587
87765
87855
88110
88132
88412
88422
88583
88884
89160
89173
89326
89359
89369
89413
89439
89504
90033
90058
90087
90193
90213
90429
90718
90860
91010
91186
91584
91750
91752
91841
92025
92062
92235
92377
92623
93317
93663
94113
94166
94418
94910
95019
95021
95043
95061
95161
95573
95610
95656
95746
95747
95766
95816
95821
96108
96170
96181
96383
97052
97162
97219
97468
97488
97530
97568
97603
97655
98033
98166
98481
98606
98739
98824
99356
99452
99485
99902
100238
100256
100322
100546
100670
100732
101111
101282
101361
101490
101663
101666
101761
101833
101840
101878
101941
101997
102297
102394
102748
102830
103125
103242
103349
103655
103808
103979
104069
104340
104408
104511
104523
104525
104668
104698
104897
105341
105995
106313
106349
106688
106893
106957
107206
107281
107479
107604
107682
107723
107965
108004
108020
108118
108343
108582
108595
109446
109486
109645
109850
109860
110095
110116
110198
110295
110428
110662
110700
110752
110800
110912
110992
111022
111449
111545
112111
112133
112298
112467
112645
112712
112928
113031
113084
113191
113237
113245
113607
114219
114448
114463
114527
114545
114614
114642
115382
115465
115874
115922
115946
116036
116331
116467
116474
116549
116633
117028
117156
117185
117277
117508
117793
117833
118160
118451
118607
119158
119205
119376
119541
119945
120161
120357
120689
120710
120805
120868
120897
121289
121309
121785
121925
122024
122033
122273
122430
122432
122440
122524
122574
122591
122847
122981
123091
123203
123520
123559
123787
123841
124031
124047
124221
125140
125245
125316
125337
125358
125384
125414
125850
125973
126088
126163
126169
126382
126448
126506
126764
126902
126951
126998
127157
127304
127368
127598
127683
127829
127956
128224
128426
128617
128826
129086
129206
129327
129560
129707
129794
130018
130773
130792
130873
130909
130940
130969
130986
131386
131425
131490
131528
131590
131636
132003
132044
132134
132245
132348
132502
132541
132558
133070
133131
133590
133609
133823
134048
134137
134159
134464
134496
135019
135206
135237
135339
136053
136105
136477
137089
137167
137704
138001
138265
138283
138327
138378
138497
138645
138723
138864
138955
139054
139266
139564
139933
140173
140187
140293
140471
140493
140529
140796
141010
141134
141724
142228
142335
142384
142497
142619
142903
143422
144370
144501
144530
144831
144855
145324
145326
145490
145551
145670
146082
146146
146291
146547
146591
146791
147070
147071
147409
147485
147499
147516
147733
148076
148152
148195
148347
148366
148570
148633
148712
148991
149011
149024
149315
149447
149518
149777
149956
150110
150213
150255
150324
150463
150800
151226
151250
151433
151949
152041
152168
152275
152337
152411
152434
152494
152761
152960
152979
152987
153144
153276
153539
153580
153675
153955
154074
154092
154260
154290
154590
154862
154914
154932
155028
155067
155182
155595
155711
155896
155989
156182
156490
156585
156616
156976
157107
157266
157361
157621
157794
158628
158661
158824
159162
159347
159652
160000
160270
160359
160375
160380
160451
160531
160559
160575
161003
161141
161258
161529
161535
161632
161709
161957
162036
162070
162142
162162
162284
162287
162290
162326
162494
162497
162845
162946
162965
163037
163039
163043
163044
163339
163788
163926
164214
164557
164577
164627
164682
164872
165194
165408
165450
165458
165484
165880
165899
166265
166343
166489
166550
166830
166930
167280
167309
167333
167638
167716
167717
167745
168134
168165
168276
168838
168921
169081
169348
169371
169592
169791
169940
169958
170115
170160
170338
170621
170894
170912
170983
171055
171088
171276
171693
171795
171885
171895
171933
172026
172262
172327
172468
172498
172785
173110
173137
173173
173202
173529
173534
173798
173940
173961
174068
174070
174233
174722
174968
175012
175618
175680
175740
175906
176023
176230
176240
176621
176738
177152
177162
177204
177208
177291
177441
177504
178047
178124
178225
178441
178727
178737
178780
178850
179118
179335
179454
179475
179498
179916
180201
180238
180530
180541
180571
180922
181468
181563
181852
182040
182314
182395
182468
182791
183328
183333
183394
183459
184097
184325
184448
184455
184493
184681
184890
185047
185161
185186
185643
185678
185877
185890
185995
186307
186355
186359
186432
186441
186594
186710
186734
186873
187135
187191
187347
187501
187517
187619
187938
188535
189013
189142
189169
189197
189301
189436
189498
189563
189834
190159
190169
190496
190529
190801
190822
190923
190953
191006
191310
191413
191615
191654
191795
191848
192191
192380
192595
193486
193513
193737
193838
193843
193909
194012
194466
194529
194626
194651
194685
194732
194873
195177
195196
195398
195512
195541
195747
195942
196009
196229
196296
196343
196432
196445
196472
196828
197087
197204
197220
197236
197275
197315
197316
197735
197812
197918
197931
198100
198106
198393
198531
198657
198674
198698
198953
198988
199089
199094
199182
199258
199268
199493
199532
199760
199973
200078
200280
200314
200475
200708
200802
200849
200988
201115
201133
201212
201746
201938
202255
202363
202513
202569
202789
202901
202907
203050
203108
203166
203631
203760
204106
204320
204347
204629
204681
204722
204917
205058
205109
205661
205739
205741
205947
206203
206372
206645
206658
206726
206798
206830
206899
207129
207250
207395
207429
207434
207467
207673
207768
207830
208155
208325
208467
208502
208619
208943
209096
209119
209189
209440
209442
209803
209934
209944
210013
210051
210193
210307
210353
210499
210526
210542
210620
210802
210885
210981
211015
211137
211323
211389
211757
211927
211984
212038
212152
212867
213074
213172
213259
213487
213949
214108
214338
214394
214637
214648
214678
214780
214897
215005
215216
215351
215451
215464
215547
216243
216247
216250
216348
216440
216447
216747
217044
217070
217178
217282
217463
217498
217686
217691
217935
218005
218190
218237
218378
218398
218418
218467
218594
218653
218705
218786
218968
219171
219420
219640
219757
219987
220240
220264
220361
220378
220436
220441
220511
220735
220852
220854
220944
221118
221237
221327
221744
222096
222219
222408
222834
222843
223061
223194
223206
223416
223783
223957
224150
224548
224865
225206
225845
226058
226131
226341
226514
227023
227242
227668
228024
228372
228399
228400
228445
228459
228786
228795
228805
228808
228876
229154
229158
229190
229292
229308
229321
229338
229905
230152
230298
230643
230776
231012
231110
231350
231457
231792
231942
231997
232174
232274
232382
232476
232677
232735
232984
233022
233368
233495
233519
233684
234141
234556
234647
234661
234957
235105
235129
235190
235363
235380
235463
235625
235674
235707
235840
235976
236130
236449
236615
236873
237028
237141
237386
237576
237893
237928
238047
238231
238284
238320
238336
238391
238503
238784
238813
238859
238868
238958
239834
240350
240643
240854
241043
241082
241303
241307
241695
241708
241874
241889
241991
242062
242588
242590
242672
242870
243282
243429
243556
243659
243701
243751
243824
243939
244507
244565
244624
244824
244857
244945
245197
245410
245416
245483
245563
245775
245821
245830
245831
245976
246678
246895
247036
247256
247398
247644
247687
247777
248264
248447
248474
248541
248618
248627
248672
248678
248837
249681
249810
250232
250263
250574
250733
250775
250887
251202
251305
251328
251531
251744
251747
251762
251769
251817
251991
252102
252278
252328
252482
252716
252778
252834
252997
253032
253125
253216
253415
253492
253511
253541
253682
254147
254229
254467
254587
254733
254787
255019
255141
255163
255234
255289
255333
255352
255473
255764
255809
255813
255826
256110
256191
256341
256388
256392
256509
256710
256877
256881
256915
256959
257225
257693
257756
257918
257992
258052
258233
258271
258727
258804
258963
259135
259317
259471
259618
259632
259684
260054
260055
260290
260596
260757
260758
261158
261421
261452
261750
261797
261901
261903
261922
262010
262093
262332
262338
262433
262459
262548
262755
263000
263302
263334
263371
263591
263675
263749
263905
263959
264030
264228
264287
264390
264454
264802
264840
265239
265376
265406
265588
265918
266067
266132
266230
266357
266749
266762
266995
267403
267481
267606
267668
267673
267706
267738
267972
267991
268024
268140
268278
268400
268429
268715
268781
268825
268865
268981
269023
269241
269560
270182
270211
270297
270348
270868
270888
271029
271059
271233
271247
271362
271958
272001
272002
272084
272226
272380
272593
272670
272696
272764
272785
272814
273304
273379
273399
273414
273488
273680
273719
273880
274571
274724
274790
274957
275359
275445
275570
275644
275813
275857
276122
276126
276175
276275
276452
276618
276966
277053
277108
277218
277480
277487
277686
277844
277884
277951
278051
278612
278675
278852
279137
279193
279208
279371
279398
279466
279546
279778
279877
280397
280525
281210
281414
281937
282135
282620
282816
283540
283859
283918
284968
285288
285315
285609
285754
286142
286197
286230
286846
286932
286978
287459
287640
287829
288132
288550
288710
288820
288821
289095
289271
289384
289673
289813
289889
290072
290177
290597
290637
291126
291217
291500
291639
291987
292123
292516
292539
292891
293027
293256
293419
293470
293555
293808
294214
294815
294893
295009
295032
295099
295101
295154
295408
295500
295540
295658
295880
296010
296073
296359
296450
296631
296836
296985
297100
297279
297407
297509
297540
297784
297894
298037
298130
298286
298491
298507
298942
298961
299068
299456
299469
299709
299854
299869
299905
299959
300132
300214
300261
300600
300607
300692
300822
300926
301003
301040
301184
301419
302074
302121
302444
302452
302581
302648
302721
303316
303483
303591
303605
303606
303709
303819
304041
304184
304214
304436
304466
304608
304790
305001
305059
305154
305251
305625
305844
305982
305996
306241
306397
306467
306509
306617
306630
306641
306711
307072
307399
307630
307751
308339
308423
308426
308543
308583
308631
308903
308971
309557
309588
309885
310086
310841
310993
311132
311575
311706
311777
311797
311957
312087
312110
312497
312852
313044
313226
313493
313523
313564
313751
313971
314108
314463
314593
314789
315116
315129
315266
315330
315613
315645
315862
316152
316154
316429
316438
316587
316654
316702
316930
317429
317459
317566
317825
318024
318486
318551
318628
318777
318909
318985
319200
319292
319301
319302
319333
319530
319848
320153
320513
320527
320586
320764
320789
320800
321180
321336
321443
321497
321649
321677
321699
321739
321802
321814
321826
321870
321893
321930
322038
322043
322142
322198
322228
322270
322395
322405
322501
322533
322542
322668
322903
323016
323173
323222
323287
323467
323525
323581
323727
323876
324177
324310
324324
324367
324636
324915
324967
325362
325555
325579
325923
326131
326174
326313
326424
326457
326573
326645
326658
326718
326886
326985
327047
327309
327631
327685
327815
327935
328206
328243
328365
329500
329520
330335
330758
330960
331056
331250
331355
331368
331835
331868
332232
332314
332567
332701
332872
332874
332974
333206
333298
333379
333400
333507
333577
333695
333908
333997
334056
334108
334272
334472
334528
334605
334698
334729
334780
334814
334815
334983
335165
335281
335345
335527
335743
335822
335929
335936
336067
336328
336504
336689
336719
336948
336957
337002
337024
337243
337364
337837
338083
339350
339468
339610
339644
339681
340013
340128
340354
340635
340714
340948
341088
341090
341139
341204
341617
341974
341977
342014
342197
342204
342338
342429
342483
342724
342734
342790
343059
343391
343445
343703
343769
343900
344044
344235
344386
344686
344719
344775
344819
345021
345319
345704
345765
346040
346093
346229
346277
346365
346492
346620
346769
346897
347181
347195
347224
347228
347641
347870
348095
348130
348143
349145
349251
349477
349543
349615
349947
350260
350311
350769
351143
351161
351187
351324
351586
351826
351990
352043
352161
352299
352325
352347
352513
352647
352743
352950
352977
353128
353188
353199
353348
353427
353645
353697
353826
353886
353896
353915
353970
354090
354280
354341
354719
355116
355512
355857
355904
356265
356570
356621
356632
356650
356729
357056
357081
357097
357510
357999
358024
358133
358642
358698
358699
358826
358899
359155
359197
359212
359217
359232
359265
359306
359338
359399
359416
359446
359470
359555
359575
359603
359760
359940
359980
360100
360162
360402
360495
360603
360756
360872
361247
361592
361730
361874
362125
362174
362197
362298
362381
362462
362973
363102
363194
363369
363502
363547
363559
363611
363828
363924
363942
364789
365085
365160
365224
365440
365510
365724
365761
365915
365982
366027
366144
366147
366257
366333
366446
366597
366797
366798
366822
367199
367396
367424
367539
367564
367597
367771
367819
368448
368543
368544
368691
369082
369131
369616
369634
369756
370164
370348
370449
370889
371156
371199
371255
371393
371708
371775
372073
372148
372232
372261
372306
372441
372556
372662
373350
373538
373744
373833
373856
374070
374277
374296
374582
374730
374760
374772
374845
374884
375452
375483
375862
375975
376043
376089
376243
376244
376251
376264
376349
376427
376622
376839
376851
376883
376926
376939
377018
377260
377314
377374
377471
377602
378126
378131
378338
378492
379108
379175
379852
380099
380178
380271
380596
380684
380903
381036
381217
381495
381605
381617
381895
382212
382701
382705
382854
382895
383304
383427
383728
383758
384173
384281
384796
384830
384863
385038
385372
385388
385392
385504
385645
385756
385908
385949
386024
386148
386217
386252
386301
386451
386657
386866
386967
386990
387091
387143
387192
387227
387351
387410
387454
387537
387571
387634
387678
387709
387903
387965
387974
387982
388028
388316
388371
388404
388428
388465
388778
389305
389570
389874
390180
390280
390359
390524
390647
390745
390770
390869
391105
391522
391566
391569
391880
392188
392293
392736
392755
393099
393170
393585
393741
393800
393830
393922
394081
394219
394320
394661
395390
395529
395547
395728
395736
395739
396004
396294
396297
396430
396581
396915
397244
397310
397608
398211
398338
398404
398760
399016
399084
399135
399163
399261
399816
399827
400045
400347
400658
400703
400735
400961
401052
401065
401256
401306
401393
401426
401434
401658
401667
401778
401869
401948
402261
402294
402304
402337
402490
402558
402909
403135
403229
403455
403530
403533
403848
404070
404620
404629
404701
404950
405248
405280
405691
405812
405990
405992
406220
406425
406650
406820
406848
406913
407064
407331
407397
407459
407972
408183
408283
408438
408918
408979
409118
409218
409504
409560
409561
409676
409832
409913
409935
409939
409955
410117
410242
410400
410472
410656
410763
411205
411261
411306
411311
411557
411615
411642
411899
412035
412083
412401
412413
412419
412661
412820
412844
412925
412976
413003
413009
413023
413070
413095
413174
413413
413641
413785
413832
413883
413892
414050
414423
414640
414866
415140
415148
415390
415412
415498
415508
415549
415776
415931
416009
416033
416066
416117
416430
416749
416758
416759
416932
416946
416950
417017
417141
417184
417541
417604
417720
417810
418236
418242
418326
418418
418419
418447
418558
418565
418628
418658
418792
418817
418853
419018
419118
419370
419380
419495
419536
419678
419806
419880
419963
420006
420425
420529
420697
420698
420722
420783
420926
420960
421245
421515
421994
422091
422207
422247
422293
422329
422377
422716
423329
423429
423445
423538
423612
423769
423920
423944
424176
424261
424343
424539
424759
424769
424774
425260
425662
425673
425677
425787
425835
425914
426170
426361
426556
426577
426702
426809
426816
426866
427011
427398
427406
427413
427747
428387
428485
428526
428586
428609
428652
428924
429019
429250
429567
429650
429651
429690
430208
430640
430645
430899
430902
431191
431239
431328
431430
431555
431674
431722
432101
432105
432111
432193
432300
432484
433064
433453
433484
433519
433879
433891
434155
434456
434574
434582
434826
434827
435044
435393
435519
435777
435787
436158
436666
436827
436841
436874
436983
437033
437216
437272
437330
437669
437686
438015
438145
438147
438470
438549
438703
438800
438954
439061
439215
439260
439380
440075
440377
440580
440599
440611
440877
441090
441139
441265
441501
442044
442063
442363
442531
442571
442930
443038
443182
443204
443281
443371
443377
443438
443732
443746
444268
444351
444544
444585
444705
444899
444945
444982
445091
445144
445432
445511
445885
445951
446039
446287
446572
446576
446677
446833
446871
446913
447375
447434
447451
447707
447758
448037
448216
448500
448567
448665
448682
449123
449292
449295
449300
449401
449639
449660
449808
449834
449967
450031
450053
450128
450251
450255
450291
450386
450858
450908
451239
451353
451450
451504
451547
451660
451980
452112
452471
452552
453150
453189
453196
453334
453597
453695
453811
453827
453866
454155
454329
454444
454834
454919
455307
455563
455663
455737
455933
456058
456290
456376
456433
456511
456601
456683
457258
457667
457670
457717
457754
457915
458261
458318
458677
458744
458781
458794
458801
458925
459132
459201
459254
459390
459673
459929
459949
459968
459971
460009
460091
460397
461076
461367
461482
461930
462030
462070
462159
462198
462272
462564
462702
462880
462919
462952
463559
463634
463646
464106
464933
464948
465003
465116
465262
465513
465627
465658
465783
465980
466128
466290
466328
466383
466789
466997
467040
467047
467277
467325
467456
467588
467936
468161
468233
468859
469148
469169
469493
469680
469787
469842
469912
469977
470125
470217
470381
470642
471009
471148
471653
471705
471745
472059
472102
472155
472297
472516
472613
472634
472945
473060
473153
473288
473349
473417
473440
473496
473568
473731
473789
473820
473951
474194
474286
474763
474918
474977
474982
475155
475738
475777
475790
475884
476022
476176
476219
476225
476365
476661
477010
477085
477584
477700
477753
477854
477950
478005
478043
478180
478258
478500
478662
478980
479000
479280
479704
479772
479886
480130
480551
480571
480686
480710
480752
480870
480879
481124
481136
481691
481701
481765
481777
481885
481941
482207
482281
482340
482363
482438
482439
482650
482782
482893
483037
483163
483304
483317
483446
483779
484170
484422
484489
484834
484951
485027
485055
485057
485080
485214
485270
485308
485375
485446
485488
486035
486053
486059
486129
486507
486716
486767
486768
486947
487132
487237
487331
487484
487535
487771
487784
488264
488324
488340
488614
488631
488778
488864
488898
489039
489115
489211
489424
489993
490001
490028
490108
490119
490178
490592
490960
491028
491187
491244
491299
491587
491756
491801
491954
491978
491983
492336
492374
492500
492632
492693
492729
492801
492804
492906
492931
492973
493054
493081
493246
493321
493452
493504
493635
493786
494011
494152
494696
495012
495097
495192
495344
495355
495368
495426
495633
495634
495689
495911
495995
496145
496415
496586
496620
496747
497248
497282
497566
497641
497684
497763
497887
497995
498188
498339
498434
498941
498977
498981
499282
499322
499337
499431
499434
499896
499951
500114
500203
500336
500761
500839
500844
500942
501093
501627
501654
501662
501896
501963
502216
502309
502534
502652
502800
502802
502955
503158
503442
503466
503596
503767
503813
504235
504243
504293
504351
504720
504795
505178
505237
505364
505366
505405
505531
505662
505736
505905
506253
506458
506467
506519
506583
506596
506749
506854
506953
507193
507753
507960
507987
508342
508861
508922
509186
509193
509203
509318
509402
509590
509849
510063
510070
510077
510140
510490
510513
510540
510632
510636
510828
511022
511059
511155
511383
511415
511486
511560
511611
511626
511805
511942
511966
512184
512506
512532
512651
513272
513900
513927
513930
513971
513991
514404
514501
514935
514996
515261
515335
515435
515750
515798
515803
515825
516124
516128
516271
516337
516500
516650
516899
517446
517544
517554
517568
517722
517724
517876
518079
518108
518150
518151
518158
518733
518809
518945
518948
519020
519113
519126
519219
519641
519717
519916
519935
520020
520060
520169
520461
520499
520632
520738
520790
520919
520959
521091
521669
521727
522002
522072
522216
522326
522536
522687
522958
523316
523516
523542
523679
523764
524082
524436
524472
524567
524595
524644
524658
524764
525174
525340
525348
525516
526128
526310
526344
526412
526509
526874
527008
527093
527250
527352
527646
527852
527886
527999
528261
528561
528628
528781
528785
528947
529129
529155
529463
529491
529849
530019
530020
530124
530127
530608
530778
530939
530953
531188
531235
531337
531401
531493
532037
532075
532092
532291
532421
532429
532622
533150
533178
533186
533258
533293
533303
533460
533462
533765
534071
534320
534570
534605
534698
534703
534827
534912
535014
535327
535681
535812
536222
536243
536259
536405
536453
536754
536874
537115
537284
537476
537542
537737
537765
537798
537946
537954
537968
538317
538755
538774
538840
538878
539013
539037
539235
539391
539808
539848
539849
539863
540076
540323
540593
540638
540656
541313
541321
541450
541469
541653
541877
542105
542395
542486
542554
543152
543364
543438
543484
543848
543922
544071
544208
544210
544267
544688
544862
544875
544919
544920
545147
545191
545291
545324
545534
545658
545773
545821
546351
546414
546483
546561
546621
546729
547043
547085
547248
547288
547492
547598
547890
548122
548160
548212
548227
548445
548481
548851
548895
548900
548902
549110
549208
549295
549374
549459
549485
549612
549677
549731
549798
550002
550094
550254
550271
550400
550552
550628
550659
551296
551395
551515
551634
551743
552064
552369
552474
552529
552806
552879
552959
553147
553240
553304
553542
553903
554011
554099
554164
554258
554329
554422
554530
554596
554604
554740
554812
554832
555234
555367
555383
555568
555899
556434
556830
556838
556943
557052
557143
557303
557631
557796
558186
558290
558366
558441
558629
558706
558956
559190
559278
559446
560054
560117
560281
560354
560541
560998
561019
561042
561150
561764
561812
561853
561860
561868
561887
561928
562276
562650
562958
563038
563073
563182
563292
563575
563646
563678
563817
563925
563970
563971
564027
564031
564038
564046
564286
564350
564351
564402
564429
564683
564811
565101
565110
565221
565422
565484
565626
565745
565985
566093
566102
566125
566414
566591
566618
567090
567529
567579
567870
568112
568277
568291
568485
568617
568831
569052
569079
569539
569756
569918
570004
570038
570125
570493
570505
570525
570879
571044
571084
571193
571221
571473
571476
571523
571910
572203
572323
572464
572484
572526
572554
572590
572602
572762
572887
572966
572997
573033
573269
573318
573623
573770
573791
573794
573918
573925
574012
574049
574247
574359
574450
574636
574683
574883
574884
574888
575024
575028
575056
575199
575206
575224
575261
575322
575580
575806
575987
576336
576389
576591
576771
576804
576915
576988
577092
577217
577617
577691
577823
577957
578342
578763
578913
579531
579532
579594
579921
579959
579989
580150
580151
580227
580283
580745
580953
580958
581033
581087
581222
581227
581325
581516
581877
581906
582316
582339
582736
582800
583196
583399
583959
584177
584265
584524
584546
585206
585259
585473
585479
585543
585771
585796
585924
586129
586255
586285
586312
586320
586389
586443
586529
586709
586767
586990
587543
587661
587666
587761
588157
588475
588476
588712
588724
588737
588850
588955
589326
589736
589792
589845
589889
590079
590181
590182
590257
590931
590965
591003
591027
591101
591172
591282
591309
591441
591487
591743
591805
592009
592204
592278
592328
592335
592479
592587
593011
593094
593500
593590
593615
593631
594216
594325
594458
594698
594815
594862
595098
595369
595509
595514
595623
595854
595893
596084
596235
596367
596535
596804
596856
596912
596964
596981
597239
597489
597514
597699
598090
598096
598168
598297
598371
598383
598389
598515
598624
599175
599301
599373
599620
599723
600118
600362
600470
600488
600770
600868
600931
600939
601071
601479
601486
601569
602256
602409
602423
602727
602753
603199
603787
603941
604140
604174
604224
604754
604877
605207
605357
605808
605988
606043
606369
606443
606629
606754
607329
607397
607583
607780
608254
608255
608415
608489
608873
608945
608996
609340
609465
609499
609525
609599
609664
610197
610269
610392
610418
610538
610640
610721
611344
611410
611411
611450
611791
611887
612400
612497
612605
612764
612903
612960
612982
613074
613082
613092
613203
613282
613302
613466
613694
613749
613811
613997
614031
614150
614256
614418
614512
614711
614770
614947
615056
615167
615223
615254
615305
615539
615610
615649
615860
615950
616125
616469
616555
616615
617016
617060
617141
617268
617321
617458
617506
617547
617570
617648
617754
617842
618018
618237
618835
618997
619042
619073
619205
619430
620095
620371
620393
620422
620484
620728
620849
620976
620986
621270
621704
621730
621863
621932
621969
622012
622343
622561
622592
622627
622655
622778
622790
622930
622955
623018
623288
623404
623447
623657
624032
624110
624151
624222
624584
624894
625013
625211
625291
625381
625397
625422
625566
625674
625728
625766
625999
626065
626410
626608
626772
626800
626925
627017
627020
627322
627541
627804
627895
628239
628448
628763
628790
629392
629508
629702
629781
629924
630252
630305
630444
630605
630774
630776
630846
630961
631234
631288
631362
631492
631542
631627
631810
631943
632499
632558
632564
632855
632905
633075
633138
633180
633194
633401
633418
633624
633727
633767
633999
634023
634226
634296
634317
634489
634493
634995
635084
635245
635247
635282
635326
635588
635592
635626
635768
635873
636011
636144
636227
636354
636430
636481
636499
636641
636916
636990
637041
637095
637290
637652
637676
638021
638054
638148
638229
638369
638590
638894
639007
639127
639138
639192
639283
639404
639519
639530
639635
639748
639839
640067
640095
640297
640588
640846
641218
641239
641366
641422
641752
641893
642158
642167
642236
642739
643254
643317
643386
643462
643494
643567
644009
644043
644147
644297
644429
644440
644665
644697
644816
645074
645108
645297
645485
645631
645730
646387
646494
646553
646580
646705
646712
647228
647242
647284
647340
647496
647626
647848
648143
648402
648413
648519
648523
648610
648727
649158
649293
649719
649747
650033
650273
650304
650353
650354
650763
650847
651109
651135
651137
651149
651342
651379
651435
651477
651693
651795
651900
652303
653157
653409
653517
653715
654125
654188
654438
654462
654527
654820
654946
654969
655113
655192
655230
655341
655354
655424
655459
655805
656397
656625
656701
657200
657372
657522
657818
657903
658083
658095
658348
658391
658436
658791
658926
659092
659790
659819
660057
660184
660337
660614
660704
660716
661056
661147
661175
661238
661314
661449
661690
661737
661742
661807
662560
662721
662881
663199
663326
663778
663951
663995
664226
664371
664543
664703
664873
665124
665132
665155
665156
665170
665221
665418
665737
665741
665790
666052
666119
666329
666651
666705
666765
666834
667124
667128
667345
667373
667503
667695
667945
668113
668364
668365
668552
668625
668682
668776
668785
668851
669087
669180
669441
669461
669517
669533
669539
669742
669938
670039
670287
670351
670689
670807
670883
670984
671167
671173
671339
671377
671565
671753
671755
671760
672072
672156
672321
672442
672607
672877
673169
673186
673340
673370
673392
673883
673950
674397
674419
674447
674496
674536
674642
674783
674784
674885
675106
675552
675635
675744
675954
676150
676369
676441
676664
676783
676838
676899
677341
677419
677469
677539
677623
677695
677718
678004
678076
678156
678242
678469
678686
679263
679293
679568
679665
679710
679782
680169
680298
680560
680590
681020
681096
681418
681862
681878
681922
681976
681984
682291
682415
682473
682670
682752
682776
682858
683175
683191
683398
683404
683502
684113
684279
684295
684368
684411
684931
685206
686228
686249
686764
686897
686975
687006
687113
687168
687308
687484
687682
687850
687920
688052
688210
688303
689127
689572
689686
689773
690121
690307
690361
690369
690580
690614
690627
690869
690886
690931
690959
691088
691110
691202
691314
691644
691648
691762
691976
692119
692332
692378
692686
692771
692778
692813
692820
693055
693060
694004
694068
694083
694224
694243
694997
695058
695172
695232
695569
695632
695778
695789
695985
696175
696225
696533
696635
696777
697566
697604
697698
697714
698079
698395
698448
698572
698587
698928
699241
699357
699777
699847
699928
699973
700011
700225
700273
700574
700700
700724
700755
701102
701149
701150
701162
701271
701315
701494
701520
701521
701534
701536
701660
701683
701747
701813
702306
702451
702568
702651
702942
702945
703136
703164
703184
703420
703448
703663
703730
703869
704314
704413
704486
704487
704568
704853
705108
705291
705361
705401
705404
705459
705691
705711
705980
706139
706142
706182
706507
706542
706648
706803
706888
707075
707132
707206
707301
707330
707541
707557
707631
707655
707663
707776
707976
708314
708429
708676
709017
709362
709365
709429
709434
709540
709674
709860
709879
710050
710098
710237
710556
710648
710873
710874
710937
711382
711565
711704
711851
711982
712351
712377
712477
712996
713054
713081
713119
713172
713173
713257
713272
713309
713459
713774
713847
713862
713887
713934
714088
714202
714376
714675
714734
714799
714905
714938
715006
715236
715639
716256
716455
716466
716510
716909
716952
717294
717582
717775
717989
718056
718117
718296
718811
718862
718903
719075
719225
719260
719331
719349
719390
719803
720084
720091
720169
720173
720505
720614
720738
720898
721064
721121
721387
721460
721821
721861
721993
722041
722173
722387
722403
722491
722605
722664
722836
722863
722959
723059
723112
723201
723203
723355
723383
723507
723619
724138
724287
724492
724791
724903
725063
725171
725219
725220
725328
725353
725395
725894
726038
726096
726231
726313
726504
726646
726652
726815
726898
726966
727003
727089
727209
727460
727700
727864
728061
728259
728280
728635
728803
728873
728907
729406
729914
730117
730119
730691
730759
730763
731158
731246
731661
731925
732494
732621
732837
732993
733466
733504
733545
733607
733762
733939
734018
734133
734374
734563
734571
734674
734690
734714
734877
734970
735047
735048
735329
735659
735669
735741
735991
736336
736627
736637
736859
736907
736998
737185
737258
737836
737917
738098
738487
738679
738725
738996
739004
739222
739300
739669
740050
740085
740260
740288
740419
740436
740801
740866
741188
741223
741530
741668
741934
742588
742699
742781
742851
743017
743295
743365
743830
743873
744264
744478
744488
744614
744726
744730
744778
744779
745228
745489
745692
745792
745798
746102
746140
746411
746869
746940
747037
747295
747320
747443
747482
747662
747794
747797
748051
748251
748306
748474
748697
748708
748719
748721
749112
749118
749155
749254
749340
750074
750129
750267
750615
750724
750847
750888
751885
752507
752539
753125
753220
753320
753684
753854
753871
753919
754099
754117
754141
754213
754350
754553
754674
755149
755200
755423
755591
755604
755630
755631
755777
755937
755998
756299
756388
756447
756852
756869
756932
756971
757023
757035
757355
757409
757447
757473
757533
757663
757670
757807
758356
758827
758864
758875
759326
759356
759386
759634
759957
760006
760030
760061
760183
760187
760236
760493
760513
760621
760958
761080
761153
761154
761354
761569
761660
761674
761746
761997
762112
762328
762382
762387
762509
762698
763103
763921
763968
764099
764304
764443
764489
764525
764673
764795
764798
764903
765136
765405
765406
765596
765828
765853
765872
766057
766084
766368
766423
766497
766769
766840
767058
767523
767869
768128
768217
768395
768483
768505
768655
768682
768736
768767
768826
768898
769258
769410
769459
769485
769587
769830
769884
769943
769973
770137
770327
770331
770388
770479
770712
770798
771150
771207
771476
771560
771802
772213
772235
772583
772604
772758
772879
772891
772933
773199
773485
774027
774124
774187
774223
774316
774318
774407
774466
774510
774549
774566
774788
774950
774970
775114
775123
775271
775276
775475
775928
776051
776092
776181
776713
776788
776791
777126
777164
777365
777378
777561
777611
777695
777725
777751
777857
778176
778399
778694
778848
779228
779466
779601
779928
780301
780652
780769
780947
781273
781487
781764
781888
782070
782141
782494
782720
782854
782913
783349
783632
783668
783728
783899
784083
784208
784285
784417
784601
784787
784813
784919
785148
785293
785405
785429
785491
785507
785524
785592
785635
785753
785901
785906
786227
786253
786387
786665
786668
786743
787097
787378
787455
787583
787815
787885
787892
788019
788161
788356
788778
788838
788925
788968
789063
789125
789225
789306
789349
789529
789836
789924
790002
790418
790564
790667
791632
791695
791959
792037
792350
792351
792503
792725
792857
793079
793505
793661
793790
793947
794058
794115
794396
794410
794428
794537
794584
794670
794894
795151
795258
795368
795652
796073
796158
796468
796505
796523
796619
796893
797142
797355
797370
797566
797757
797828
798316
798384
798818
798879
798899
798943
798972
798987
799052
799427
799632
799635
799753
800031
800097
800554
800761
800806
800817
800836
800871
801029
801053
801056
801174
801285
801444
801456
801656
801877
801962
802051
802057
802160
802346
802399
802552
802672
802943
803003
803070
803075
803194
803376
803527
803670
804172
804290
804311
804330
804416
804479
804487
804713
804736
804742
804900
804920
804979
805038
805546
805733
805859
806241
806356
806368
806404
806446
806733
806774
806863
806932
807125
807235
807395
807879
807883
808011
808473
808586
808934
809091
809452
809453
809890
810013
810151
810337
810437
810513
810564
810616
810687
810948
811128
811306
811559
811578
811784
811798
811973
812299
812662
812680
812723
812755
812812
812950
812978
813160
813363
813606
813761
814112
814283
814653
814781
815306
815425
815495
815956
816072
816099
816105
816135
816216
816221
816261
816340
816540
816851
817047
817185
817358
817538
817858
818447
818510
818719
818917
819081
819340
819354
819364
819440
819516
819520
819583
819950
820115
820532
820660
820753
820759
821397
821534
821956
821957
822255
822517
822807
822861
822941
823294
823382
823524
823885
824016
824072
824131
824496
824657
824792
825172
825326
825334
825362
825560
825605
825606
825801
825917
826265
826568
826608
826622
826694
826970
827442
827550
827835
827879
827985
828203
828237
828259
828294
828488
828827
828930
828994
829091
829151
829205
829295
829482
829614
829833
829878
830071
830111
830297
830305
830324
830431
830505
830541
830594
830644
830764
830858
830879
831161
831225
831591
831743
832039
832057
832248
832934
833024
833103
833164
833429
833556
833662
833818
833935
834401
834448
834482
834533
834685
834854
834947
835091
835137
835413
835667
835734
836300
836611
836680
836755
836826
836837
837210
837582
837656
838156
838180
838281
838288
838559
838780
838990
839326
839367
839404
839442
839640
839761
839852
840188
840517
840564
840589
840719
841124
841198
841550
841552
841747
842054
842293
842817
842944
843024
843025
843429
843486
843882
844050
844084
844231
844239
844823
845033
845083
845290
845389
845521
845592
845747
845895
846054
846136
846268
846427
846769
846895
846978
847178
847452
847846
847919
848146
848154
848342
848348
848433
848506
848897
849266
849320
849493
849763
849811
849959
850064
850085
850245
850340
850533
850544
850683
851015
851236
851321
851392
851427
851487
851585
851602
851989
852618
852624
852635
852787
852889
853296
853490
853662
853815
853940
854043
854063
854098
854099
854195
854225
854354
854388
854447
854539
854603
854684
855285
855543
855658
855728
855867
855939
856129
856143
856738
857345
857367
857465
857676
857770
858054
858271
858700
858861
858970
858989
859227
859316
859964
860000
860082
860592
860597
860960
861028
861121
861728
861793
862311
862328
862640
862803
862807
863079
863594
863771
863829
863874
863908
864327
864482
864820
864841
864922
865129
865221
865278
865367
865452
865574
865726
865741
866226
866393
866409
866430
866546
866558
867270
867423
867622
867751
867971
868099
868157
868190
868265
868400
868449
868718
868785
868797
868838
869146
869344
869389
869402
869433
869452
869529
869819
869900
869907
869958
870020
870038
870461
870462
870497
870792
871001
871010
871044
871054
871138
871403
872354
872532
872658
872711
872735
872744
873166
873436
873447
873481
873514
873516
873850
873965
874027
874090
874134
874212
874687
874864
874952
874970
874975
875018
875058
875110
875287
875317
875352
875641
875910
875979
876230
876568
876648
876700
876983
877109
877141
877363
877982
878071
878207
878521
878661
878674
879553
879843
880227
880382
880534
880570
880686
881305
881424
881505
881520
881531
881760
882153
882165
882272
882329
882410
882476
882585
883089
883853
883881
884851
885197
885239
885250
885387
885509
886060
886385
886464
886629
886688
886979
887058
887187
887330
887344
887561
887661
887804
887959
887983
887990
888229
888245
888575
888681
888836
888838
888981
889080
889261
889328
889619
889745
890049
890245
890372
890676
890983
891188
891255
891335
891467
891639
892046
892162
892439
892614
892858
892922
892937
892984
893070
893142
893148
893404
893530
893885
893917
894019
894429
894462
894611
894829
894978
894997
895022
895039
895152
895292
895437
895505
895731
895842
896500
897005
897491
897526
897764
897798
898062
898139
898168
898398
898501
898507
898538
898815
898928
899229
899552
899832
900035
900179
900258
900306
900353
900659
900974
900976
900995
901005
901064
901069
901095
901475
901555
901633
902022
902256
903178
903191
903567
903581
903683
903882
904019
904587
905193
905386
905612
905752
905772
905918
906079
906159
906198
906199
906528
906578
906997
907232
907362
907371
907442
907527
907572
907670
907855
908236
908252
908255
908521
908539
908767
908847
908969
909203
909212
909247
909342
909366
909577
909611
909914
910254
910259
910277
910311
910436
910826
910876
910887
910960
910978
911192
911226
911341
911549
911564
911746
911787
911900
911918
912056
912268
912270
912471
912495
912644
912844
912990
913028
913065
913296
913374
913701
914364
914399
914411
914654
914694
914801
915668
915710
915742
915876
916030
916067
916171
916241
916488
916966
917095
917314
917359
917670
917760
917956
918065
918076
918108
918122
918185
918246
918264
918747
918752
918866
919190
919288
919359
919362
919448
919534
919592
919773
919987
920039
920489
920831
920965
921281
921665
921753
921996
922187
922257
922327
922342
922352
922597
922910
922952
923202
923308
923475
923493
923557
923970
924216
924305
924348
924394
924465
924555
924813
924968
925239
925394
925434
925538
925576
925722
925787
925858
926132
926144
926157
926211
926235
926653
927336
927495
928192
928292
928312
928546
928578
928912
929417
930040
930059
930068
930123
930143
930165
930243
930772
930887
930960
930984
931766
932289
932588
932653
932916
933008
933023
933151
933214
933611
933682
933721
933932
933991
934304
934397
934445
934452
934684
934763
935227
935248
935501
935667
935696
935711
936071
936137
936272
936586
936637
936785
936869
936988
937458
937719
937733
937734
938150
938158
938271
938330
938417
938446
938621
938702
938994
939014
939256
939444
939508
939562
939812
939885
940043
940088
940311
940405
940458
940702
940866
941063
941485
941498
941605
941729
941744
942308
942440
942492
942591
942710
942917
942918
943004
943706
943881
943990
944096
944265
944299
944461
944540
944651
944977
945054
945083
945230
945309
945487
945488
945551
945942
946246
946278
946308
946551
946633
947042
947052
947120
947179
947387
947469
947678
947685
947740
947780
947984
947989
948089
948248
948401
948416
948481
948867
948892
949116
949154
949165
949223
949300
949564
949731
949909
950187
950305
950881
951143
951319
951606
951997
952075
952281
952367
952387
952742
952775
952848
952862
952922
952927
953047
953166
953221
953613
953643
953667
953866
953878
953960
953969
954167
954888
955082
955261
955382
955433
955772
955940
955952
956043
956355
956430
956714
956814
956832
957437
957540
957621
957678
957688
957772
958032
958450
958574
959059
959157
959296
959577
959640
959709
959711
959820
960251
960379
960412
960597
960630
961128
961394
961680
961683
961689
961857
961879
962075
962104
962505
962508
962565
962601
962933
963008
963289
963291
963629
963639
963761
963859
963954
963982
964126
964192
964194
964444
964523
964648
964681
964684
965015
965070
965470
965538
965558
966010
966037
966068
966150
966190
966464
966693
966708
966849
966949
966951
967038
967061
967138
967251
967488
967524
967601
967638
967655
967722
967858
967874
967878
968159
968636
968967
969092
969101
969711
969763
970073
970291
970410
970515
970781
970819
970869
970880
971324
971727
971925
972405
972418
972620
972673
972799
972836
972927
973592
973704
973814
973816
973872
973943
974019
974113
974324
974392
974581
974803
974832
975231
975267
975359
975408
975430
975670
975928
975979
976258
976363
976442
976506
976555
976764
976785
977414
977468
977623
977806
977905
977972
978010
978199
979246
979760
979803
979970
979983
980109
980132
980229
980438
980457
980520
980539
980711
980825
981338
981713
981777
982031
982067
982347
982354
982432
982640
982691
982767
982934
982994
983045
983158
983203
983297
983347
983423
983535
983653
983805
984130
984201
984212
984241
984472
984538
984858
984909
984988
985192
985589
985701
986239
986265
986668
987039
987194
987335
987416
987423
987438
987744
987800
988230
988540
988669
988752
988791
988866
988872
988923
989391
989676
989684
989694
989878
989945
990261
990365
990416
990514
990547
990784
990817
991276
991609
992201
992211
992239
992301
992394
992710
992727
992735
992894
992957
992975
993019
993260
993369
993447
993625
993806
994315
994426
994572
994586
994950
994985
994986
995129
995155
995594
995798
995961
996179
996659
996684
996744
996967
997112
997302
997812
997814
997947
998056
998216
999171
999214
999243
999279
999519
999755
999933
999961
