4000
82
570
682
1172
1355
1380
1643
1843
1926
2246
2607
2781
2905
3034
3051
3494
4040
4341
4514
5212
5217
5602
6047
6072
6485
7058
7340
8217
8431
8694
8765
9098
9429
9720
10039
10432
10570
10737
10947
10948
11018
11054
11521
11965
12498
12583
13322
13538
14058
14413
14812
15034
15470
15534
15721
16229
16260
16324
16539
17136
17567
17639
17809
18185
18191
18203
18457
18482
18860
19305
19541
19594
20128
21019
21415
21531
22182
22191
22301
22766
22925
22940
23183
23312
23788
24123
24562
25016
25166
26235
26273
26305
26653
26857
27173
27285
27459
27496
27573
27584
27640
28068
28216
28381
28625
28657
28829
28862
29449
29502
29730
29950
30097
30387
30531
31327
31503
31537
32173
32461
32539
32909
32920
33003
33063
33334
33622
33883
34226
34590
34946
34987
35022
35218
35326
35369
35569
36030
36160
36215
36422
37127
37526
37711
38321
38567
38586
38603
39022
39023
39196
39335
39876
39877
40078
40141
40216
40404
40703
40744
40882
40927
41352
41599
41806
41883
42349
42418
42660
42773
42832
42993
43321
43325
43634
43683
43726
43861
43984
44600
44879
45064
46008
46356
46388
46648
46829
47396
47642
47984
48075
48402
48499
48624
48627
48830
48861
48978
49614
49765
50441
51464
51478
51529
51572
51736
51879
52177
52252
53145
53151
53419
53429
53543
53843
53960
54082
54661
55383
55806
56553
56619
56676
56795
56857
57523
57662
58026
58107
58110
58753
58857
58977
59427
59477
59480
59561
59620
59766
59773
59896
60015
60029
60050
60909
60911
61049
61568
61649
61691
61771
62252
62383
62427
62639
62719
62761
62796
62901
62935
62950
62959
62976
63047
63134
63180
63329
64089
64261
64336
64473
64826
64836
64902
65187
65819
65970
66250
66343
66488
66538
66602
67661
67698
67851
67918
68012
68013
68400
68507
68973
68978
69028
69411
70848
71007
71126
71162
72642
73000
73371
73848
73851
73941
73991
75413
75705
76218
76377
76586
76781
77305
77376
77590
77592
77646
77889
78409
78722
79270
79297
79343
79422
79423
79445
79691
80155
80309
80533
80929
80968
82015
82051
82196
82200
82425
82831
83089
83599
84101
84149
84293
84304
84507
84673
84822
85194
85274
85545
86035
86306
86318
86991
87127
87196
87765
87855
88110
88132
88412
88422
88583
89160
89173
89326
89369
89413
89439
89504
90033
90058
90193
90213
90429
91010
91186
92062
92623
93663
95061
95573
95746
95766
95816
95821
96108
96181
97052
97162
97219
97468
97488
97530
98033
98481
98739
98824
99356
99452
99485
99902
100238
100546
100670
101282
101361
101663
101833
101840
101878
101997
102748
102830
103125
103349
103808
104340
104525
104668
104698
104897
105341
105995
106313
106688
106893
106957
107206
107281
107604
107723
107965
108004
108020
108118
108343
108582
109486
109860
110116
110198
110295
110700
110752
110912
110992
111022
111545
112111
112133
112298
112645
112712
113084
113237
113245
114448
114527
114545
114614
115465
115874
115922
116036
116467
116549
116633
117028
117277
117508
117833
118607
119158
119205
119541
119945
120161
120357
120689
120710
120805
121289
121309
121785
121925
122273
122430
122432
122574
122847
123091
123787
124031
124047
124221
125140
125316
125384
125414
125850
125973
126088
126163
126506
126764
126902
126951
127368
127683
127829
127956
128224
128426
128617
128826
129327
129794
130018
130773
130873
131490
131528
131590
132003
132134
132245
132348
132541
132558
133070
133131
133590
133609
134048
134159
134464
134496
135019
135206
135237
135339
136105
137089
138001
138265
138327
138378
138645
138723
139054
139564
139933
140173
140187
140293
140493
140529
140796
141010
141724
142335
142497
142619
143422
144370
144501
144855
145324
145326
145551
146082
146591
146791
147070
147485
147516
148076
148152
148347
148366
148570
148991
149011
149315
149518
149956
150110
150213
150324
151226
151250
151433
152041
152168
152275
152434
152494
152761
152960
152987
153144
153276
153580
153675
153955
154092
154260
154290
154590
154914
154932
155028
155067
155595
155711
156182
157266
157361
157621
157794
158661
159162
159347
159652
160000
160270
160359
160380
160451
161003
161258
161529
161632
161709
161957
162036
162070
162284
162290
162845
162965
163037
163043
163044
163926
164557
164577
164627
165194
165458
166343
166930
167280
167638
167717
167745
169371
169592
169940
170338
170912
170983
171088
171693
171795
171895
172026
172262
172327
172498
172785
173110
173202
173961
174068
174233
174968
175012
175618
175680
175740
176023
176230
176621
177152
177291
177441
178225
178441
178737
179118
179335
179498
180238
180530
180541
180571
181468
182314
182791
183328
183333
183459
184097
184325
184455
184493
184681
185161
185186
185678
185890
186307
186355
186441
186594
186710
186734
187135
187191
187501
187517
187938
188535
189142
189169
189197
189301
189436
189563
190159
190169
190496
190529
190953
191006
191310
191615
191654
191795
191848
192191
192380
193486
193513
193737
193843
194466
194529
194626
194651
194873
195177
195398
195512
195747
195942
196009
196296
196343
196432
196472
197087
197220
197236
197315
197812
197918
197931
198393
198531
198698
198953
198988
199094
199182
199268
199493
199760
200314
200708
200802
200849
200988
201115
201212
201746
201938
202255
202363
202789
202901
202907
203108
203166
203631
203760
204106
204320
204347
204917
205058
205109
205739
205947
206203
206658
206726
206798
206899
207250
207395
207429
207434
207467
207673
207830
208325
208467
208502
209096
209119
209189
209440
209442
209934
210013
210051
210353
210499
210526
210542
210802
211389
211757
211927
211984
213074
213172
213259
213487
214108
214338
214637
214678
214897
215351
215451
215464
216250
216348
216440
217044
217070
217178
217282
217463
217691
217935
218005
218190
218378
218398
218467
218594
218968
219171
219640
219757
220240
220264
220361
220436
220854
220944
221118
222408
222834
222843
223194
223206
223957
224150
224548
225845
226058
226131
226341
226514
227668
228024
228372
228399
228400
228445
228459
228786
228795
228805
228876
229158
229321
229905
230152
230298
230776
231012
231110
231350
231457
232174
232476
232677
232984
233022
233368
233519
234141
234957
235105
235129
235190
235380
235625
235707
235840
236449
236615
237576
237893
238047
238284
238336
238391
238503
238859
238958
239834
240350
240854
241043
241082
241303
241307
241695
241708
241874
241889
242062
242588
242590
242870
243429
243556
243659
243824
243939
244565
244857
245197
245416
245563
245830
245831
245976
247036
247256
247644
247687
247777
248264
248474
248618
248627
248837
249810
250232
250263
250574
250733
250775
251305
251328
251531
251744
251747
251762
251769
251991
252278
252328
252482
252716
252834
252997
253216
253415
253492
253511
253541
253682
254229
254587
254733
255141
255163
255333
255352
255764
255813
255826
256191
256388
256509
256710
257225
257693
257756
258052
258233
258271
258727
258804
258963
259135
259317
259471
259618
259632
259684
260290
260757
260758
261452
261797
261901
261903
262010
262093
262338
262433
262548
262755
263371
263591
263749
263959
264030
264287
264802
265376
265588
266132
266357
266749
266762
266995
267606
267706
267991
268140
268400
268429
268825
268865
268981
269560
270211
270297
270888
271233
272001
272002
272380
272593
272670
272696
272785
272814
273304
273379
273399
273414
273680
273880
274571
274724
275359
275445
275570
275857
276122
276126
276175
276966
277053
277108
277218
277480
277686
277884
277951
278051
278612
278675
279137
279193
279208
279371
279466
279546
279778
279877
280397
280525
281414
281937
282135
282620
283859
285315
285609
285754
286142
286197
286230
286978
287640
288132
288550
288710
288820
288821
289271
289384
289673
290072
290177
290597
290637
291500
291639
291987
292123
292539
293027
293419
293470
293555
294815
294893
295099
295101
295408
295500
295540
295658
295880
296073
296359
296631
296985
297279
297509
297540
297894
298130
298286
298491
298942
299068
299469
299709
299854
299905
299959
300132
300607
300822
300926
301040
301184
301419
302444
302648
302721
303316
303605
303606
303709
303819
304184
304214
304436
304466
304790
305001
305154
305251
305625
305982
305996
306241
306617
306630
306641
306711
307072
307399
307630
308423
308543
308583
308903
308971
309588
310841
310993
311132
311575
311706
311777
311797
311957
312087
312497
312852
313044
313493
313523
313564
313751
313971
314108
314463
314789
315129
315266
315330
315613
315645
315862
316152
316429
316438
316654
317459
317566
317825
318024
318777
318985
319200
319301
319302
319530
319848
320153
320513
320764
320789
320800
321180
321336
321649
321677
321699
321739
321802
321826
321893
321930
322038
322043
322142
322198
322228
322405
322501
322533
322668
322903
323016
323173
323222
323287
323876
324177
324310
324324
324636
324915
325362
325555
325579
326131
326424
326573
326645
326718
327309
327631
327685
327815
327935
328206
328243
328365
329500
330335
330758
331056
331368
331868
332232
332701
332872
332974
333379
333695
334056
334108
334272
334472
334780
334814
334983
335165
335345
335527
335822
335929
336328
336504
336689
336719
336957
337002
337024
337243
337364
337837
338083
339468
339644
339681
340013
340128
340354
340635
340714
340948
341088
341090
341139
341974
341977
342014
342197
342204
342724
342734
343059
343445
343703
343769
343900
344044
344235
344719
344819
345765
346040
346093
346229
346492
346620
347195
347224
348095
348143
349145
349251
349477
349543
349615
349947
350260
350311
351143
352043
352161
352299
352325
352347
352950
352977
353199
353697
353826
353896
353970
354341
355116
355512
355857
356570
356621
356632
356729
357056
357081
357097
357999
358133
358642
358698
359155
359212
359217
359232
359306
359338
359416
359470
359555
359760
360100
360162
360495
360603
360872
361247
361592
361730
361874
362125
362174
362197
362298
362462
363194
363369
363502
363559
363611
363828
363924
363942
365085
365160
365224
365440
365510
365724
365761
365915
365982
366027
366144
366147
366257
366333
366797
366798
367396
367564
367771
367819
368448
368543
368691
369082
369634
370164
370348
370449
370889
371156
371199
371255
372073
372148
372232
372261
372306
372556
372662
373350
373538
373744
373833
373856
374277
374296
374730
374760
374772
374845
375483
375862
376089
376251
376349
376851
376883
376926
376939
377018
377260
377374
377471
377602
378131
378338
378492
379108
379175
380596
380903
381495
381617
382212
382701
382854
382895
383304
383427
384173
384281
384796
385645
385949
386024
386148
386252
386657
386866
386967
386990
387091
387143
387227
387351
387410
387537
387571
387634
387678
387709
387903
387965
387982
388028
388371
388428
388465
388778
389305
389570
389874
390180
390280
390359
390524
390770
390869
391522
391569
391880
392188
392293
392736
392755
393585
393741
393800
393830
394081
394219
394661
395529
395736
395739
398338
398404
399016
399084
399135
399827
400347
400658
400961
401256
401393
401426
401434
401667
401948
402294
402337
402558
402909
403135
403455
403533
403848
404629
405248
405990
405992
406220
406425
406650
407064
407331
407459
407972
408283
408438
408979
409118
409504
409561
409832
409913
409955
410400
410656
410763
411306
411311
411557
411642
411899
412035
412083
412925
412976
413003
413009
413070
413174
413413
413641
413785
413883
414423
414640
415140
415390
415498
415776
416009
416033
416066
416749
416759
416932
416946
416950
417017
417541
417604
417720
417810
418242
418326
418418
418419
418447
418558
418628
418658
418817
418853
419018
419118
419370
419380
419678
419806
419963
420006
420425
420529
420697
420722
420783
420926
420960
421245
421515
421994
422091
422329
422377
422716
423329
423429
423612
423769
423920
423944
424261
424539
424759
425260
425662
425677
425835
425914
426170
426556
426577
426702
426809
426816
427747
428387
428526
428609
428652
429650
429690
430208
430640
431430
431555
431722
432101
432111
432484
433064
433453
433484
433519
433879
433891
434155
434574
434827
435777
436158
436666
436827
436841
436874
437330
437686
438015
438147
438549
439215
439260
440377
440877
441139
441501
442044
442063
442531
442930
443182
443204
443371
443377
443438
444544
444585
444982
445885
445951
446287
446572
446677
446871
446913
447375
447434
447758
448037
448567
448665
448682
449123
449292
449295
449300
449639
449808
449834
449967
450031
450053
450128
450251
450255
450858
450908
451239
451353
451504
451547
451660
452112
452471
452552
453189
453196
453334
453597
453695
453827
454155
454329
454444
454834
455307
455663
455737
455933
456290
456511
456683
457258
457717
457754
457915
458261
458744
458781
458794
458801
458925
459968
459971
460009
460091
460397
461076
461930
462030
462070
462159
462198
462952
463634
465003
465116
465513
465627
465783
466128
466290
466383
466789
466997
467325
467588
467936
468233
468859
469148
469787
469842
469912
469977
470125
470217
470642
471009
471705
471745
472059
472102
472297
472516
472945
473060
473288
473349
473417
473440
473496
473568
473731
473789
473951
474763
474918
474977
475738
475777
475790
475884
476022
476176
476365
477085
477753
477950
478005
478043
478180
478258
478500
478662
478980
479000
479886
480130
480551
480571
480710
480870
480879
481124
481136
481691
481777
481885
482281
482340
482363
482438
482650
482782
483163
483317
483446
484170
484422
484489
485027
485055
485057
485214
485270
485375
486053
486507
486716
486767
486768
486947
487132
487331
487484
487535
487771
487784
488264
488324
488340
488614
488864
488898
489115
489211
489993
490001
490028
490108
490178
491028
491187
491244
491299
491587
491954
491978
491983
492336
492374
492500
492632
492729
492804
492906
492931
492973
493054
493246
493321
493452
493504
494152
494696
495012
495192
495344
495355
495368
495426
495995
496415
496620
496747
497282
497641
497684
498188
498339
498434
498977
499282
499337
499431
499951
500114
500336
500839
501654
501963
502216
502309
502534
502652
502955
503158
503442
503466
503767
504235
504293
504351
504795
505237
505364
505366
505405
505662
505736
505905
506458
506467
506519
506583
506749
506854
506953
507193
507753
507987
508861
508922
510063
510070
510140
510513
510540
510636
510828
511155
511383
511415
511626
511805
512184
512506
513272
513900
513927
513930
513971
513991
514404
514501
514996
515335
515435
515750
515798
515803
516124
516128
516500
516650
516899
517446
517544
517554
517568
517722
517876
518108
518150
518158
518733
518809
518945
519020
519126
519219
519717
519916
519935
520020
520060
520499
520632
520790
520959
521091
522002
522072
522216
522326
522536
522687
522958
523516
524436
524567
524644
524764
525340
525348
526128
526310
526344
526509
527250
527352
527646
527852
527999
528561
528781
528785
528947
529129
529155
529463
529491
529849
530020
530127
530608
530939
530953
531188
531401
531493
532037
532075
532291
532421
532429
532622
533150
533258
533293
533303
533460
533765
534320
534570
534703
534827
534912
535327
535681
536405
536874
537115
537284
537542
537737
537765
537798
537946
537954
537968
538840
539013
539037
539235
539391
539808
539848
539849
539863
540323
540638
541313
541321
541450
541653
542105
542486
542554
543364
543438
543484
543848
543922
544071
544210
544267
544875
544919
544920
545191
545291
545773
545821
546351
546414
546561
546621
547043
547085
547248
547890
548160
548227
548481
548900
548902
549208
549459
549677
549798
550002
550254
550271
550400
550552
550659
551296
551395
551515
551634
551743
552064
552369
552529
552806
552879
552959
553147
553542
553903
554011
554099
554164
554422
554530
554596
554604
554832
555568
556434
556838
556943
557303
558290
558441
558629
558706
558956
559278
560281
560354
560998
561019
561042
561150
561812
561853
561860
561887
562276
562958
563038
563073
563182
563292
563971
564031
564038
564046
564286
564350
564351
564402
564429
565101
565221
565422
565484
565626
565745
565985
566093
566125
566414
566618
567090
568112
568485
568617
569079
569756
569918
570004
570038
570125
570493
571044
571221
571473
571476
571523
572323
572526
572554
572602
572762
572887
572997
573033
573318
573623
573770
573791
573794
573925
574359
574636
574883
574884
574888
575024
575028
575056
575199
575206
575224
575261
575322
575580
575806
575987
576336
576389
576591
576771
576988
577217
577617
577691
578342
578763
579594
579959
580150
580283
580745
580953
581033
581087
581325
581516
581877
581906
582316
582339
583399
583959
584265
584524
585206
585259
585473
585543
585771
585796
586129
586312
586443
586529
586709
586990
587543
587666
588157
588475
588712
588955
589326
589736
590182
590931
590965
591003
591101
591172
591282
591309
591441
591743
592009
592204
592335
592587
593011
593094
593500
593615
593631
594325
594815
594862
595098
595369
595514
595893
596084
596367
596535
596856
596912
596964
596981
597489
597699
598090
598168
598371
598383
598389
598515
598624
599175
599301
599373
600118
600362
600770
600868
600931
600939
601486
601569
602256
602409
602423
602727
603787
604140
604174
604754
605808
606043
606369
606629
607397
607780
608254
608255
608489
608873
608945
609664
610197
610418
610538
610721
611411
611791
611887
612400
612764
612903
612960
612982
613074
613092
613203
613282
613811
613997
614031
614512
614770
614947
615056
615305
615539
615610
615860
615950
616125
616555
617268
617458
617506
617547
617570
617648
617754
618018
618835
618997
619073
619205
620095
620371
620393
620484
620976
621270
621704
621730
621863
621932
621969
622012
622592
622627
622778
622955
623018
623288
623404
623447
624032
624110
624151
624222
624894
625211
625381
625422
626608
626772
626800
626925
627017
627020
627322
628239
628448
628790
629392
629508
629781
630305
630444
630846
630961
631234
631288
631492
631542
631627
631810
631943
632558
632564
632855
632905
633075
633138
633180
633401
633418
633624
633727
633767
634023
634226
634296
634317
634493
634995
635247
635282
635326
635588
635768
636011
636144
636227
636354
636430
636499
636916
637095
637290
637652
638021
638148
638229
638369
638590
638894
639007
639127
639404
639519
639530
639635
639748
640067
640846
641239
641422
641752
641893
642167
642739
643254
643462
644043
644297
644429
644665
644697
644816
645108
645297
645631
645730
646387
646580
646705
646712
647228
647284
647340
647626
648143
648413
648519
648523
648610
648727
649158
649293
649719
650353
650354
651137
651435
651477
651795
651900
652303
653517
653715
654188
654462
654527
654820
654946
654969
655230
655341
655805
656397
657200
657372
657903
658083
658095
658391
658791
658926
659819
660057
660184
660337
660704
660716
661056
661147
661175
661238
661314
661449
661690
661737
662881
663199
663951
663995
664226
664371
664873
665124
665155
665156
665170
665221
665418
665737
665790
666329
666705
666834
667124
667128
667373
667503
668364
668365
668625
668776
668785
668851
669087
669180
669441
669539
669742
670039
670689
670807
671167
671339
671565
671755
671760
672442
672607
673169
673340
673392
673950
674397
674419
674447
674496
674536
674642
674783
675106
675552
675635
675744
676441
676664
676899
677341
677419
677718
678156
678242
678469
678686
679263
679293
679568
679665
679782
680298
680560
680590
681096
681418
681984
682291
682473
682752
682776
682858
683175
683398
683502
684113
684279
684368
684931
686228
686249
686764
686975
687006
687484
687850
688210
688303
689127
689686
689773
690121
690307
690361
690369
690580
690614
690627
690869
690931
690959
691088
691314
691644
691762
692119
692332
692378
692686
692778
693055
693060
694004
694997
695172
695569
695778
695789
696533
696635
696777
697698
697714
698079
698395
698448
698572
698587
698928
699357
699973
700011
700574
700700
700724
700755
701102
701271
701494
701521
701534
701536
701683
702306
702451
702568
703136
703164
703184
703448
703663
703730
703869
704314
704413
704486
704487
704568
704853
705108
705291
705361
705401
705404
705711
706142
706182
706507
706648
706888
707075
707132
707206
707330
707541
707557
707655
707776
708314
708429
709017
709365
709429
709434
709860
709879
710050
710098
710556
710648
710874
710937
711565
711851
712351
712377
712996
713081
713172
713257
713309
713459
713774
713847
713862
713887
713934
714088
714376
714675
714905
714938
715236
716256
716455
716466
716510
716909
716952
717775
717989
718117
718296
718903
719349
719390
720084
720091
720173
720505
720738
720898
721121
721387
721861
722041
722491
722605
722836
722863
723059
723201
723203
723355
723383
723507
723619
724138
724287
724492
724791
724903
725063
725171
725219
725328
725353
726096
726231
726313
726504
726652
726815
727089
727209
727700
728259
728280
728803
728907
729406
730117
730691
730759
730763
731661
732494
732837
733504
733607
733762
733939
734018
734133
734563
734674
734714
734970
735048
735329
735659
735669
735991
736336
736627
736907
736998
738098
738487
738996
739222
739300
739669
740050
740085
740260
740419
740436
740866
741188
741223
742588
742699
742781
742851
743295
744264
744478
744730
744778
744779
745489
745692
745792
746102
746140
746411
746940
747037
747295
747320
747443
747662
747794
747797
748051
748251
748474
748697
748708
748719
748721
749155
749340
750615
750847
752507
753320
753871
753919
754099
754117
754350
754553
754674
755149
755200
755423
755591
755630
755631
755937
756299
756388
756852
756869
756971
757035
757409
757447
757473
757670
757807
758356
758864
758875
759356
759386
759634
759957
760030
760187
760236
760493
760513
761080
761153
761997
762112
762328
762387
762509
762698
763921
764304
764525
764673
764795
764798
764903
765136
765405
765406
765596
765872
766084
766423
766497
766769
766840
767058
767869
768217
768395
768483
768682
768826
768898
769258
769410
769830
769884
769943
769973
770137
770479
770712
770798
771150
771207
771476
771560
771802
772604
772758
772879
772891
774027
774124
774187
774316
774318
774407
774549
774566
774950
774970
775276
775475
775928
776051
776092
776181
776713
776788
776791
777126
777164
777378
777561
777611
777695
777725
777857
778694
778848
779466
779601
779928
780769
780947
781273
781487
781764
782070
782141
782494
782720
782913
783349
783899
784083
784285
784417
784813
785148
785293
785405
785491
785507
785524
785592
785753
785901
785906
786227
786253
786387
786743
787097
787378
787455
787583
788019
788356
788778
788838
788925
788968
789063
789225
789529
789836
790418
790564
791632
791695
792350
792351
792725
793079
793661
794058
794115
794396
794410
794428
794537
794584
794894
795151
795258
795368
795652
796158
796523
796893
797370
797566
797757
798316
798818
798879
798899
798987
799052
799427
799632
799753
800031
800097
800836
800871
801053
801174
801444
801456
801656
801962
802160
802346
802552
802672
802943
803003
803070
803075
803194
803376
803527
803670
804172
804290
804311
804416
804487
804713
804736
804900
804920
804979
805546
805733
806241
806356
806368
806404
806446
806733
806774
806863
807125
807879
808473
808586
808934
809452
810013
810337
810564
811128
811306
811559
811578
811784
811798
811973
812299
812662
812680
812723
812755
813160
813363
813606
814781
815425
815495
815956
816072
816216
816261
816340
816540
816851
817047
817185
819081
819354
819440
819520
819583
820115
820660
820753
821397
821956
821957
822255
823294
823382
823524
824072
824131
824657
825172
825362
825606
825801
825917
826265
826608
826622
826970
827442
827550
827835
827985
828203
828827
828930
828994
829091
829151
829205
829295
829482
829614
830071
830297
830324
830431
830505
830541
830644
830764
830858
831161
831743
832039
832248
832934
833024
833103
833164
833556
833662
833818
833935
834401
834448
834482
834685
834854
834947
835091
835413
835734
836300
836611
836680
836755
836826
836837
837210
837582
838156
838288
838990
839326
839367
839404
839852
840188
840517
841124
841198
841550
841552
841747
842054
842293
843025
843429
843486
843882
844050
844084
844231
844823
845033
845083
845290
845521
845592
845895
846136
846268
846895
846978
847452
848154
848342
848433
849320
849493
849763
849811
849959
850340
850544
851015
851321
851602
851989
852618
852624
852635
852787
853490
853662
853815
853940
854043
854098
854099
854388
854447
854539
854684
855543
855728
855867
856143
856738
857345
857367
857465
857676
858054
858271
858700
858861
858970
858989
859964
860000
860592
860597
861121
862803
862807
863874
864820
864841
865129
865278
865367
865574
865726
865741
866393
867270
867423
867622
868099
868265
868449
868785
869344
869389
869402
869452
869529
869907
870038
870461
870462
870792
871001
871044
871054
871138
872354
872711
872744
873166
873436
873481
873514
874090
874134
874212
874864
874952
874975
875058
875110
875641
876230
876983
877109
877141
878207
878521
879553
880227
880382
880570
881305
881424
881520
882153
882272
882410
882476
882585
883853
884851
885197
885239
885387
886060
886385
886464
886629
886979
887187
887344
887561
887661
887804
887959
887983
888229
888575
888681
889261
889619
889745
890245
890372
890676
891255
891335
891467
891639
892162
892439
892858
892922
892937
893070
893142
893530
893917
894019
894429
894978
894997
895022
895039
895152
895292
895437
895505
895842
896500
897005
897491
897526
897764
897798
898139
898168
898501
898507
898538
898815
899229
899552
900035
900659
900974
901005
901064
901475
901555
902022
903178
903191
903567
903581
903683
903882
905193
905386
905612
905752
905772
906159
906198
906528
906578
906997
907232
907362
907572
907670
907855
908236
908252
908521
908539
908767
908847
909212
909342
909366
909577
909611
910254
910436
910876
911341
911787
911900
911918
912056
912268
912270
913065
914399
914411
914654
914694
914801
915668
915876
916067
916171
916488
917670
917956
918065
918076
918108
918185
918264
918752
918866
919190
919288
919359
919362
919592
919987
920039
920489
920831
921281
922257
922327
922352
922597
923308
923970
924348
924394
925394
925434
925858
926132
926157
926211
926235
926653
927336
927495
928292
928546
928578
929417
930040
930059
930123
930165
930243
930887
930960
931766
932289
932588
932653
933008
933682
933721
933932
933991
934304
934684
935248
935501
935696
935711
936272
936586
936637
936785
936988
937458
937733
938158
938271
938330
938446
938621
938702
939014
939256
939444
939508
939562
939812
940043
940311
940458
941063
941485
941729
942440
942492
942591
942710
942917
943004
943706
943881
943990
944651
944977
945054
945083
945230
945487
945488
945942
946278
946308
946551
946633
947179
947387
947469
947740
947780
947984
947989
948089
948867
949165
949223
949300
949731
949909
950187
950305
950881
951143
951319
951606
952281
952367
952387
952742
952775
952848
952862
952927
953047
953166
953221
953667
953866
953878
954167
954888
955082
955433
955940
955952
956043
956430
957437
957621
957772
958032
959157
959296
959640
959709
959820
960251
960379
960412
960597
960630
961394
961683
962075
962104
962505
962508
962601
962933
963008
963291
963629
963639
963859
963954
963982
964126
964192
964194
964444
964523
964681
964684
965015
965070
966068
966190
966708
966849
966949
966951
967038
967138
967251
967524
967638
967655
967722
967858
968159
969092
969711
969763
970073
970291
970781
970869
970880
971727
971925
972418
972799
972836
973814
974113
974581
974803
974832
975267
975359
975408
975430
976258
976506
976555
976785
977623
977806
977905
979760
979803
979970
980109
980438
980457
980520
980539
980711
981338
981713
981777
982031
982347
982354
982640
982691
982767
982934
983045
983203
983423
983805
984130
984201
984241
984472
984858
984909
984988
985192
985589
986239
987335
987416
987744
987800
988752
988866
988872
989391
989684
989694
989878
989945
990261
990365
990416
990784
990817
991609
992201
992211
992301
992394
992710
992727
992735
992894
992957
992975
993019
993260
993369
993447
993625
994315
994426
994572
994950
994985
994986
995961
996659
996967
997112
997302
997812
997814
997947
998056
999171
999214
999243
999755
999933
999961
