85 85
3 8 1 10 5 7 2 9 6 4 8 2 7 5 3 6 1 9 4 10 6 3 8 5 2 7 4 9 1 10 5 8 2 6 3 7 4 9 1 10 6 3 8 5 2 7 4 9 1 10 5 8 2 6 3 7 4 9 1 10 6 3 8 5 2 7 4 9 1 10 5 8 2 6 3 7 4 9 1 10 6 3 8 5 2 
1 41
1 42
1 43
1 44
1 45
2 22
2 23
2 24
2 25
2 26
3 72
3 73
3 74
3 75
3 76
4 66
4 67
4 68
4 69
4 70
5 26
5 27
5 28
5 29
5 30
6 14
6 15
6 16
6 17
6 18
7 83
7 71
7 34
7 23
7 44
8 77
8 78
8 79
8 80
8 81
9 15
9 16
9 17
9 18
9 19
10 30
10 31
10 32
10 33
10 34
11 30
11 31
11 32
11 33
11 34
12 56
12 57
12 58
12 59
12 60
13 55
13 56
13 57
13 58
13 59
14 37
14 38
14 39
14 40
14 41
15 71
15 72
15 73
15 74
15 75
16 23
16 24
16 25
16 26
16 27
17 19
17 20
17 21
17 22
17 23











