2 104600
2 113900
2 109900
5 251700
5 293100
5 276700
10 332800
10 318200
10 351000
15 1038900
15 940700
15 971400
20 1424400
20 1534500
20 1454600
25 1542300
25 1570400
25 1527100
30 1603100
30 1531700
30 1650100
35 1899600
35 1837200
35 1844100
40 2438800
40 2502300
40 2754600
45 2777700
45 2488000
45 2476200
50 3133900
50 2665300
50 2535300
55 2821700
55 2697100
55 2559200
60 3289900
60 2970800
60 3029700
65 3636900
65 3085600
65 3314000
70 3377600
70 3385400
70 3316800
75 3946900
75 3799600
75 3833900
80 3636200
80 3605400
80 3899600
85 3630900
85 3752100
85 3665300
