2 388200
2 351400
2 324700
5 809500
5 913800
5 798900
10 2414700
10 1521200
10 1488300
15 2739000
15 2363800
15 2283200
20 2998900
20 3081300
20 3160600
25 3761600
25 4039800
25 3824500
30 4446200
30 4444000
30 4596000
35 5417800
35 5086400
35 5461000
40 5995800
40 6235500
40 6337800
45 7055300
45 7845500
45 7040000
50 8003000
50 8143200
50 7878300
55 8761600
55 8200000
55 9254000
60 9839900
60 9867900
60 9335200
65 10176200
65 10661300
65 11281500
70 10914300
70 11908400
70 10706300
75 11446600
75 11314400
75 10959800
80 12927800
80 13245100
80 12621900
85 13215800
85 12395600
85 13420700

